日期,数值
20051124,35932
20051125,36581
20051128,36083
20051129,36277
20051130,37195
20051201,37298
20051202,38418
20051205,38397
20051206,38463
20051207,38712
20051208,39199
20051209,39372
20051212,40041
20051213,39420
20051214,40160
20051215,39538
20051216,39572
20051219,39897
20051220,39783
20051221,39739
20051222,40204
20051223,40688
20051226,41805
20051227,41990
20051228,42026
20051229,41364
20051230,41643
20060104,42385
20060105,42686
20060106,42997
20060109,43274
20060110,43786
20060111,43900
20060112,43789
20060113,43730
20060116,44389
20060117,44107
20060118,43100
20060119,43782
20060120,43489
20060123,43669
20060124,43806
20060125,44178
20060126,45488
20060127,45731
20060206,47468
20060207,48817
20060208,47451
20060209,48096
20060210,47789
20060213,46428
20060214,46874
20060215,47126
20060216,45539
20060217,45600
20060220,45721
20060221,46382
20060222,46321
20060223,45951
20060224,46356
20060227,45299
20060228,44832
20060301,44840
20060302,45861
20060303,46566
20060306,46585
20060307,45951
20060308,45761
20060309,45860
20060310,45376
20060313,45957
20060314,46176
20060315,46199
20060316,46072
20060317,46837
20060320,48352
20060321,48382
20060322,47948
20060323,48300
20060324,48654
20060327,48808
20060328,48944
20060329,48579
20060330,49170
20060331,50261
20060403,50106
20060404,51694
20060405,51933
20060406,53265
20060407,53794
20060410,54844
20060411,56014
20060412,55733
20060413,56128
20060414,57283
20060417,59095
20060418,60014
20060419,61560
20060420,60651
20060421,59154
20060424,62098
20060425,64110
20060426,66261
20060427,69499
20060428,67762
20060508,69883
20060509,73013
20060510,75852
20060511,79000
20060512,80933
20060515,82918
20060516,79659
20060517,81175
20060518,77875
20060519,76015
20060522,73454
20060523,70334
20060524,73368
20060525,72388
20060526,73634
20060529,75910
20060530,76258
20060531,73137
20060601,70183
20060602,69948
20060605,71919
20060606,69561
20060607,67422
20060608,68298
20060609,66360
20060612,63223
20060613,59617
20060614,57456
20060615,59362
20060616,60076
20060619,58604
20060620,58797
20060621,59225
20060622,61326
20060623,58525
20060626,58694
20060627,60829
20060628,59065
20060629,59167
20060630,61846
20060703,64877
20060704,65805
20060705,66777
20060706,65816
20060707,68865
20060710,70013
20060711,71327
20060712,73016
20060713,71025
20060714,70591
20060717,71896
20060718,68937
20060719,65527
20060720,65909
20060721,63651
20060724,62378
20060725,64082
20060726,63337
20060727,64891
20060728,65582
20060731,67619
20060801,68330
20060802,67482
20060803,70141
20060804,67940
20060807,69344
20060808,68551
20060809,67350
20060810,70147
20060811,69778
20060814,67980
20060815,67318
20060816,67368
20060817,67865
20060818,66775
20060821,66718
20060822,67947
20060823,67852
20060824,67685
20060825,67642
20060828,67764
20060829,67646
20060830,67139
20060831,67174
20060901,69602
20060904,71049
20060905,71177
20060906,73832
20060907,74589
20060908,73737
20060911,71126
20060912,69647
20060913,68545
20060914,70663
20060915,68676
20060918,69292
20060919,70299
20060920,68668
20060921,69440
20060922,70465
20060925,69939
20060926,69650
20060927,70485
20060928,70554
20060929,70908
20061009,70177
20061010,69925
20061011,69565
20061012,69981
20061013,69927
20061016,69964
20061017,72208
20061018,71304
20061019,71429
20061020,71385
20061023,71207
20061024,70374
20061025,70355
20061026,70689
20061027,69979
20061030,69585
20061031,69272
20061101,69659
20061102,68039
20061103,67358
20061106,68036
20061107,68404
20061108,68403
20061109,67213
20061110,67512
20061113,65045
20061114,64029
20061115,62075
20061116,63134
20061117,62301
20061120,62562
20061121,62325
20061122,63966
20061123,64293
20061124,66138
20061127,66697
20061128,66052
20061129,65537
20061130,65589
20061201,65272
20061204,65557
20061205,64274
20061206,65205
20061207,64448
20061208,64110
20061211,63963
20061212,64367
20061213,64062
20061214,63267
20061215,63339
20061218,63210
20061219,62842
20061220,62936
20061221,61111
20061222,59154
20061225,59570
20061226,59803
20061227,59815
20061228,60547
20061229,60367
20070104,57749
20070105,55304
20070108,52764
20070109,53431
20070110,54853
20070111,55028
20070112,54289
20070115,54355
20070116,52071
20070117,52882
20070118,53555
20070119,51299
20070122,52439
20070123,52094
20070124,53869
20070125,54332
20070126,53848
20070129,54593
20070130,52320
20070131,52881
20070201,53483
20070202,52739
20070205,50391
20070206,50590
20070207,51131
20070208,50483
20070209,51526
20070212,52803
20070213,52409
20070214,54193
20070215,54864
20070216,55403
20070226,57638
20070227,57797
20070228,58192
20070301,57488
20070302,57291
20070305,54974
20070306,56328
20070307,56473
20070308,57908
20070309,57274
20070312,57663
20070313,58533
20070314,58068
20070315,58903
20070316,60955
20070319,60231
20070320,61246
20070321,60305
20070322,60957
20070323,62136
20070326,62441
20070327,62621
20070328,61858
20070329,61544
20070330,62996
20070402,63057
20070403,63903
20070404,65525
20070405,66072
20070406,67561
20070409,69591
20070410,71304
20070411,70610
20070412,72978
20070413,70980
20070416,72992
20070417,72131
20070418,75418
20070419,73276
20070420,72558
20070423,71776
20070424,72821
20070425,70313
20070426,70860
20070427,68059
20070430,70715
20070508,72285
20070509,72909
20070510,72534
20070511,69272
20070514,68710
20070515,66541
20070516,67307
20070517,64026
20070518,61122
20070521,64211
20070522,64028
20070523,62202
20070524,63527
20070525,61810
20070528,63629
20070529,63881
20070530,63210
20070531,65014
20070601,65952
20070604,65158
20070605,67163
20070606,66797
20070607,65398
20070608,64215
20070611,63376
20070612,62851
20070613,62765
20070614,63322
20070615,63119
20070618,65067
20070619,64232
20070620,64573
20070621,64642
20070622,64086
20070625,62964
20070626,62574
20070627,60423
20070628,62511
20070629,63945
20070702,64166
20070703,66377
20070704,65572
20070705,66075
20070706,65296
20070709,66574
20070710,66337
20070711,64875
20070712,65464
20070713,64447
20070716,64876
20070717,64210
20070718,64553
20070719,66010
20070720,68248
20070723,69905
20070724,67663
20070725,67533
20070726,67898
20070727,67360
20070730,67551
20070731,68718
20070801,67605
20070802,67807
20070803,67798
20070806,65686
20070807,66181
20070808,66002
20070809,66024
20070810,64381
20070813,65465
20070814,64955
20070815,64246
20070816,64373
20070817,61564
20070820,63230
20070821,62868
20070822,63120
20070823,65089
20070824,64511
20070827,65610
20070828,64823
20070829,63965
20070830,65061
20070831,65564
20070903,64874
20070904,64917
20070905,64757
20070906,64415
20070907,64850
20070910,64237
20070911,64824
20070912,65460
20070913,65339
20070914,65754
20070917,66105
20070918,65783
20070919,66929
20070920,67084
20070921,67102
20070924,67399
20070925,67961
20070926,67321
20070927,67411
20070928,67946
20071008,67555
20071009,66120
20071010,66720
20071011,66835
20071012,66823
20071015,67726
20071016,67694
20071017,66792
20071018,66558
20071019,66368
20071022,65025
20071023,65451
20071024,64859
20071025,65030
20071026,65638
20071029,66414
20071030,65196
20071031,65184
20071101,64400
20071102,63732
20071105,62733
20071106,63470
20071107,63468
20071108,61934
20071109,62212
20071112,59727
20071113,59332
20071114,59825
20071115,60018
20071116,58215
20071119,57370
20071120,55756
20071121,53488
20071122,54690
20071123,55632
20071126,54889
20071127,54645
20071128,55717
20071129,57346
20071130,58313
20071203,57769
20071204,56174
20071205,57536
20071206,56854
20071207,57083
20071210,57390
20071211,57253
20071212,54994
20071213,55589
20071214,54835
20071217,54766
20071218,53184
20071219,54251
20071220,55615
20071221,57353
20071224,59131
20071225,58316
20071226,59071
20071227,58531
20071228,57206
20080102,57185
20080103,58092
20080104,59954
20080107,59233
20080108,59831
20080109,61884
20080110,60864
20080111,62478
20080114,62349
20080115,61119
20080116,59479
20080117,60510
20080118,60136
20080121,60758
20080122,58708
20080123,59101
20080124,60080
20080125,60375
20080128,59194
20080129,60572
20080130,60591
20080131,61192
20080201,61321
20080204,62155
20080205,62546
20080213,63601
20080214,64235
20080215,64084
20080218,65351
20080219,65998
20080220,66053
20080221,67279
20080222,67918
20080225,69823
20080226,66626
20080227,67972
20080228,68727
20080229,68639
20080303,69210
20080304,69306
20080305,67824
20080306,69275
20080307,69173
20080310,68268
20080311,67646
20080312,66571
20080313,66607
20080314,67426
20080317,67979
20080318,65047
20080319,65182
20080320,62931
20080321,64490
20080324,64065
20080325,64686
20080326,64631
20080327,65134
20080328,66145
20080331,66080
20080401,64250
20080402,65364
20080403,66086
20080407,66678
20080408,65760
20080409,65712
20080410,66221
20080411,65445
20080414,64373
20080415,64545
20080416,64237
20080417,64745
20080418,64310
20080421,64246
20080422,64484
20080423,64868
20080424,65474
20080425,64931
20080428,65757
20080429,65477
20080430,65319
20080505,64598
20080506,64896
20080507,64304
20080508,64301
20080509,63337
20080512,62176
20080513,62898
20080514,62120
20080515,61720
20080516,62943
20080519,63021
20080520,63126
20080521,62488
20080522,63026
20080523,62498
20080526,62828
20080527,62402
20080528,62596
20080529,61628
20080530,60734
20080602,60272
20080603,60640
20080604,59896
20080605,60120
20080606,60667
20080610,59997
20080611,60046
20080612,59936
20080613,60289
20080616,60741
20080617,61690
20080618,61541
20080619,62542
20080620,62612
20080623,62766
20080624,62228
20080625,62396
20080626,62392
20080627,62393
20080630,63414
20080701,63190
20080702,63718
20080703,64231
20080704,63199
20080707,62992
20080708,63143
20080709,62408
20080710,62438
20080711,62878
20080714,62761
20080715,62540
20080716,62292
20080717,62086
20080718,62258
20080721,62373
20080722,62603
20080723,62316
20080724,61510
20080725,61193
20080728,61592
20080729,61380
20080730,60943
20080731,61809
20080801,61499
20080804,61086
20080805,59085
20080806,59717
20080807,59578
20080808,59014
20080811,57204
20080812,56263
20080813,57200
20080814,58048
20080815,56556
20080818,58580
20080819,57605
20080820,59094
20080821,59566
20080822,60392
20080825,59889
20080826,59233
20080827,59572
20080828,59505
20080829,58811
20080901,58207
20080902,57369
20080903,57770
20080904,57979
20080905,56677
20080908,55017
20080909,55174
20080910,54949
20080911,55187
20080912,56172
20080916,53574
20080917,53759
20080918,52400
20080919,52883
20080922,54661
20080923,54316
20080924,53747
20080925,53680
20080926,53550
20081006,51391
20081007,48817
20081008,45836
20081010,43979
20081013,41790
20081014,43059
20081015,41641
20081016,39897
20081017,37930
20081020,39400
20081021,37324
20081022,36077
20081023,33906
20081027,32528
20081028,31877
20081029,31940
20081030,33223
20081031,31515
20081103,32620
20081104,31819
20081105,32107
20081106,31080
20081107,29793
20081110,30951
20081111,29319
20081112,29128
20081113,28928
20081114,29814
20081117,29102
20081118,28777
20081119,29297
20081120,27924
20081121,27234
20081124,26859
20081125,27889
20081126,27938
20081127,28458
20081128,27944
20081201,28124
20081202,27165
20081203,26834
20081204,25897
20081205,24686
20081208,25068
20081209,23999
20081210,25118
20081211,25059
20081212,24035
20081215,25039
20081216,24173
20081217,23941
20081218,23100
20081219,22818
20081222,23505
20081223,23023
20081224,23212
20081225,23029
20081226,22565
20081229,23049
20081230,23057
20081231,23914
20090105,24913
20090106,26349
20090107,27307
20090108,26305
20090109,27421
20090112,28257
20090113,26707
20090114,27677
20090115,26588
20090116,27590
20090119,28048
20090120,27876
20090121,27301
20090122,26525
20090123,25914
20090202,25283
20090203,26577
20090204,27159
20090205,27389
20090206,28709
20090209,29597
20090210,29645
20090211,27977
20090212,28388
20090213,28473
20090216,27536
20090217,27490
20090218,26564
20090219,26815
20090220,26647
20090223,27353
20090224,26628
20090225,27564
20090226,27883
20090227,27876
20090302,27664
20090303,28051
20090304,29231
20090305,29515
20090306,29818
20090309,29007
20090310,29252
20090311,29120
20090312,28907
20090313,28999
20090316,29841
20090317,30521
20090318,30651
20090319,31087
20090320,32586
20090323,33609
20090324,32914
20090325,32553
20090326,33897
20090327,33222
20090330,33080
20090331,33482
20090401,33227
20090402,34301
20090403,34221
20090407,35951
20090408,35549
20090409,37022
20090410,38389
20090413,40466
20090414,38731
20090415,39500
20090416,40399
20090417,39420
20090420,39160
20090421,37432
20090422,36540
20090423,36946
20090424,35351
20090427,34923
20090428,34369
20090429,35100
20090430,36393
20090504,38126
20090505,37521
20090506,38065
20090507,38269
20090508,38923
20090511,36890
20090512,36873
20090513,37458
20090514,35580
20090515,35971
20090518,35355
20090519,36931
20090520,36600
20090521,36071
20090522,36329
20090525,36850
20090526,36453
20090527,37234
20090601,39209
20090602,39706
20090603,40692
20090604,39564
20090605,41151
20090608,40452
20090609,40945
20090610,41727
20090611,41549
20090612,41311
20090615,39784
20090616,39332
20090617,39413
20090618,39253
20090619,39030
20090622,38174
20090623,38264
20090624,38981
20090625,39245
20090626,40389
20090629,40269
20090630,40882
20090701,40373
20090702,40180
20090703,39808
20090706,38734
20090707,39155
20090708,38921
20090709,39402
20090710,39428
20090713,38939
20090714,39730
20090715,41358
20090716,41550
20090717,41779
20090720,43617
20090721,43124
20090722,43014
20090723,43420
20090724,43715
20090727,44949
20090728,44842
20090729,42926
20090730,43174
20090731,45216
20090803,47281
20090804,47795
20090805,48037
20090806,47951
20090807,46659
20090810,48726
20090811,48518
20090812,47616
20090813,49935
20090814,50171
20090817,47795
20090818,48137
20090819,46491
20090820,47612
20090821,46826
20090824,49318
20090825,49421
20090826,50031
20090827,49700
20090828,50713
20090831,49342
20090901,49437
20090902,47325
20090903,48710
20090904,49489
20090907,49541
20090908,49862
20090909,50138
20090910,50208
20090911,49234
20090914,47650
20090915,48363
20090916,48786
20090917,49658
20090918,48728
20090921,48758
20090922,48646
20090923,48230
20090924,48213
20090925,47220
20090928,45847
20090929,46457
20090930,48145
20091009,48861
20091012,49046
20091013,48926
20091014,49125
20091015,48756
20091016,48809
20091019,49498
20091020,50195
20091021,50018
20091022,50465
20091023,51325
20091026,51833
20091027,51146
20091028,51262
20091029,50035
20091030,51229
20091102,50837
20091103,50785
20091104,51155
20091105,50751
20091106,51236
20091109,51425
20091110,50827
20091111,50882
20091112,51187
20091113,51158
20091116,52696
20091117,53204
20091118,53973
20091119,53616
20091120,53746
20091123,55083
20091124,54048
20091125,54837
20091126,55128
20091127,53632
20091130,54694
20091201,54897
20091202,55566
20091203,55877
20091204,55872
20091207,55762
20091208,55799
20091209,54607
20091210,54133
20091211,54304
20091214,55033
20091215,55105
20091216,55327
20091217,55684
20091218,55524
20091221,55747
20091222,55383
20091223,55666
20091224,57240
20091225,57780
20091228,58448
20091229,58530
20091230,59114
20091231,59988
20100104,60082
20100105,60570
20100106,61686
20100107,61221
20100108,60794
20100111,62238
20100112,61732
20100113,59818
20100114,60786
20100115,60558
20100118,60913
20100119,61697
20100120,61006
20100121,60907
20100122,59401
20100125,59895
20100126,59255
20100127,59535
20100128,57489
20100129,55534
20100201,54452
20100202,54292
20100203,55873
20100204,54008
20100205,52013
20100208,52615
20100209,53230
20100210,54694
20100211,55390
20100212,56414
20100222,59008
20100223,58981
20100224,58242
20100225,57949
20100226,58112
20100301,60708
20100302,59050
20100303,59587
20100304,59398
20100305,59834
20100308,60652
20100309,60225
20100310,60565
20100311,59299
20100312,59563
20100315,58419
20100316,58817
20100317,60144
20100318,59580
20100319,60294
20100322,59565
20100323,59575
20100324,59300
20100325,59318
20100326,60206
20100329,61890
20100330,61887
20100331,61478
20100401,62364
20100402,62957
20100406,63241
20100407,62966
20100408,61972
20100409,62797
20100412,62807
20100413,62372
20100414,62471
20100415,62513
20100416,62285
20100419,60056
20100420,60819
20100421,60939
20100422,60684
20100423,60638
20100426,61480
20100427,60554
20100428,58385
20100429,58761
20100430,58705
20100504,58143
20100505,56860
20100506,56030
20100507,54561
20100510,56689
20100511,55747
20100512,55978
20100513,56741
20100514,56409
20100517,53610
20100518,53711
20100519,53138
20100520,53979
20100521,53691
20100524,55260
20100525,54118
20100526,54886
20100527,55307
20100528,55781
20100531,55064
20100601,54121
20100602,53365
20100603,53847
20100604,53005
20100607,50155
20100608,49468
20100609,50413
20100610,50674
20100611,51437
20100617,51732
20100618,51035
20100621,53723
20100622,52874
20100623,53163
20100624,53537
20100625,53175
20100628,53989
20100629,52882
20100630,51958
20100701,51200
20100702,52279
20100705,52343
20100706,52321
20100707,52224
20100708,53079
20100709,53673
20100712,53117
20100713,52371
20100714,52990
20100715,52974
20100716,53161
20100719,52374
20100720,53102
20100721,53388
20100722,53962
20100723,55401
20100726,55609
20100727,55148
20100728,56214
20100729,56223
20100730,56272
20100802,57629
20100803,57461
20100804,57625
20100805,57404
20100806,57819
20100809,58265
20100810,57239
20100811,56751
20100812,56300
20100813,57352
20100816,57323
20100817,57746
20100818,58070
20100819,58306
20100820,57060
20100823,57198
20100824,56915
20100825,56758
20100826,57351
20100827,57838
20100830,59363
20100831,58411
20100901,59548
20100902,59900
20100903,59889
20100906,60494
20100907,59682
20100908,59787
20100909,58586
20100910,58806
20100913,59525
20100914,59042
20100915,59077
20100916,59065
20100917,60075
20100920,60242
20100921,59817
20100927,60605
20100928,60368
20100929,60803
20100930,60579
20101008,60619
20101011,62952
20101012,62184
20101013,62867
20101014,63820
20101015,63766
20101018,62942
20101019,63385
20101020,62612
20101021,62637
20101022,62851
20101025,64688
20101026,64652
20101027,64105
20101028,63851
20101029,62456
20101101,63645
20101102,63441
20101103,63948
20101104,64550
20101105,67194
20101108,66471
20101109,67874
20101110,67417
20101111,69084
20101112,65587
20101115,64924
20101116,64363
20101117,61555
20101118,62787
20101119,64090
20101122,63353
20101123,61468
20101124,62478
20101125,62089
20101126,61700
20101129,62374
20101130,62609
20101201,63580
20101202,65279
20101203,65642
20101206,65441
20101207,66707
20101208,65437
20101209,67279
20101210,67674
20101213,68658
20101214,68677
20101215,67793
20101216,67146
20101217,68357
20101220,68583
20101221,69203
20101222,68702
20101223,68657
20101224,68971
20101227,68763
20101228,69082
20101229,69581
20101230,71074
20101231,72085
20110104,72110
20110105,71028
20110106,71834
20110107,69682
20110110,69930
20110111,70771
20110112,71216
20110113,71538
20110114,71380
20110117,71161
20110118,71869
20110119,72750
20110120,71548
20110121,70942
20110124,71738
20110125,70873
20110126,70810
20110127,71744
20110128,71742
20110131,73503
20110201,75160
20110209,75200
20110210,75592
20110211,75220
20110214,75949
20110215,75878
20110216,75455
20110217,74547
20110218,73763
20110221,74528
20110222,73522
20110223,71665
20110224,71427
20110225,72596
20110228,74235
20110301,73956
20110302,74644
20110303,74130
20110304,74724
20110307,74194
20110308,71094
20110309,71706
20110310,69296
20110311,69211
20110314,69323
20110315,68650
20110316,70530
20110317,69828
20110318,71750
20110321,71451
20110322,71260
20110323,71900
20110324,72344
20110325,72310
20110328,71078
20110329,70855
20110330,71289
20110331,70693
20110401,70475
20110406,71500
20110407,71694
20110408,73151
20110411,73370
20110412,72316
20110413,72202
20110414,71114
20110415,70854
20110418,71044
20110419,69656
20110420,71011
20110421,71485
20110422,71452
20110425,70856
20110426,70047
20110427,69675
20110428,70158
20110429,69382
20110503,69146
20110504,68042
20110505,67178
20110506,66028
20110509,67007
20110510,67094
20110511,66340
20110512,64246
20110513,66422
20110516,65917
20110517,66483
20110518,66819
20110519,67360
20110520,67453
20110523,66164
20110524,66623
20110525,67140
20110526,68209
20110527,68735
20110530,68239
20110531,68636
20110601,68430
20110602,67779
20110603,68506
20110607,68330
20110608,67597
20110609,67451
20110610,67643
20110613,67222
20110614,67706
20110615,68590
20110616,68096
20110617,68271
20110620,67508
20110621,68177
20110622,67669
20110623,67499
20110624,68144
20110627,67109
20110628,67379
20110629,68194
20110630,69900
20110701,69898
20110704,70777
20110705,70351
20110706,70783
20110707,71054
20110708,71843
20110711,71481
20110712,71119
20110713,72415
20110714,72104
20110715,71638
20110718,71854
20110719,72684
20110720,72518
20110721,72075
20110722,72044
20110725,71510
20110726,72705
20110727,72690
20110728,72651
20110729,72559
20110801,73348
20110802,71980
20110803,72028
20110804,71601
20110805,68624
20110808,67688
20110809,65989
20110810,67126
20110811,66721
20110812,66512
20110815,67312
20110816,66514
20110817,66833
20110818,66729
20110819,66382
20110822,65969
20110823,66670
20110824,66507
20110825,66796
20110826,67435
20110829,67614
20110830,68258
20110831,68369
20110901,68201
20110902,67839
20110905,67133
20110906,67004
20110907,67804
20110908,67731
20110909,67643
20110913,66309
20110914,65021
20110915,65066
20110916,65920
20110919,63460
20110920,63027
20110921,63032
20110922,60291
20110923,57018
20110926,53352
20110927,55109
20110928,55237
20110929,52647
20110930,54833
20111010,54537
20111011,54287
20111012,54954
20111013,54919
20111014,56026
20111017,55907
20111018,53879
20111019,54084
20111020,51080
20111021,51843
20111024,54880
20111025,56785
20111026,57280
20111027,58091
20111028,59315
20111031,58307
20111101,57762
20111102,58670
20111103,56813
20111104,59356
20111107,57956
20111108,57869
20111109,57996
20111110,54854
20111111,55626
20111114,58468
20111115,57490
20111116,56498
20111117,56851
20111118,55734
20111121,55256
20111122,55116
20111123,54449
20111124,54537
20111125,53728
20111128,55453
20111129,55546
20111130,54634
20111201,57949
20111202,58066
20111205,57965
20111206,57647
20111207,58325
20111208,57854
20111209,57041
20111212,56686
20111213,56055
20111214,55613
20111215,53249
20111216,54456
20111219,53713
20111220,53854
20111221,54715
20111222,54965
20111223,55922
20111226,55246
20111227,55123
20111228,55217
20111229,54272
20111230,55355
20120104,55801
20120105,56085
20120106,55924
20120109,55487
20120110,55881
20120111,56896
20120112,57462
20120113,58098
20120116,58203
20120117,59823
20120118,59348
20120119,60503
20120120,60648
20120130,60229
20120131,60556
20120201,59444
20120202,59867
20120203,59818
20120206,60509
20120207,60031
20120208,61475
20120209,61138
20120210,61381
20120213,60614
20120214,59978
20120215,60327
20120216,59183
20120217,59717
20120220,59315
20120221,59988
20120222,60418
20120223,60356
20120224,59592
20120227,60388
20120228,61035
20120229,61063
20120301,60274
20120302,61356
20120305,61024
20120306,60272
20120307,59388
20120308,59446
20120309,60404
20120312,60483
20120313,60911
20120314,60429
20120315,60342
20120316,60696
20120319,60242
20120320,60309
20120321,60343
20120322,59701
20120323,59986
20120326,60143
20120327,60664
20120328,60052
20120329,59673
20120330,59984
20120405,59883
20120406,60295
20120409,59775
20120410,59337
20120411,57858
20120412,58233
20120413,58014
20120416,56730
20120417,56532
20120418,57818
20120419,57655
20120420,57742
20120423,57326
20120424,57570
20120425,57599
20120426,58276
20120427,58466
20120502,58773
20120503,58128
20120504,58338
20120507,57648
20120508,57715
20120509,57453
20120510,57817
20120511,57386
20120514,56334
20120515,55978
20120516,54654
20120517,55621
20120518,55395
20120521,56029
20120522,55979
20120523,55142
20120524,55242
20120525,55480
20120528,56297
20120529,56161
20120530,55397
20120531,54642
20120601,54428
20120604,52847
20120605,53552
20120606,53866
20120607,53696
20120608,53072
20120611,54391
20120612,53771
20120613,54098
20120614,54079
20120615,55062
20120618,55162
20120619,54851
20120620,55104
20120621,54236
20120625,54202
20120626,53774
20120627,53854
20120628,54315
20120629,55326
20120702,55432
20120703,56145
20120704,56011
20120705,56030
20120706,55757
20120709,55206
20120710,55076
20120711,55169
20120712,55160
20120713,55796
20120716,56192
20120717,55964
20120718,55791
20120719,56213
20120720,55958
20120723,54484
20120724,54595
20120725,53756
20120726,54276
20120727,54845
20120730,54878
20120731,55084
20120801,54851
20120802,54677
20120803,54131
20120806,54502
20120807,54754
20120808,54708
20120809,55184
20120810,54612
20120813,54442
20120814,54619
20120815,54654
20120816,54357
20120817,54794
20120820,54787
20120821,54981
20120822,55409
20120823,56045
20120824,55684
20120827,55892
20120828,55525
20120829,55316
20120830,55732
20120831,55508
20120903,56202
20120904,56047
20120905,55772
20120906,56267
20120907,56699
20120910,58152
20120911,58737
20120912,58344
20120913,58190
20120914,60388
20120917,59819
20120918,59612
20120919,60467
20120920,59345
20120921,59747
20120924,59103
20120925,59175
20120926,59152
20120927,59101
20120928,59782
20121008,58980
20121009,59264
20121010,58885
20121011,58992
20121012,58985
20121015,58581
20121016,58807
20121017,58662
20121018,59123
20121019,58480
20121022,57910
20121023,57325
20121024,57525
20121025,57237
20121026,56720
20121029,56646
20121030,56498
20121031,56853
20121101,57096
20121102,56634
20121105,55811
20121106,56063
20121107,56595
20121108,55716
20121109,55924
20121112,55674
20121113,55453
20121114,55907
20121115,55864
20121116,55735
20121119,56050
20121120,56334
20121121,55885
20121122,56040
20121123,56118
20121126,56244
20121127,56231
20121128,56205
20121129,56378
20121130,57277
20121203,57530
20121204,57254
20121205,57733
20121206,57373
20121207,57416
20121210,57961
20121211,57870
20121212,57940
20121213,57582
20121214,57812
20121217,58089
20121218,57862
20121219,57636
20121220,56874
20121221,56750
20121224,56842
20121225,57067
20121226,57117
20121227,57466
20121228,57598
20121231,57786
20130104,58243
20130107,58141
20130108,58207
20130109,58229
20130110,58661
20130111,58352
20130114,58442
20130115,57663
20130116,57917
20130117,57715
20130118,58364
20130121,58190
20130122,58716
20130123,58616
20130124,58468
20130125,58678
20130128,58490
20130129,58702
20130130,59123
20130131,59534
20130201,59545
20130204,59818
20130205,59638
20130206,59719
20130207,59580
20130208,59584
20130218,58823
20130219,58732
20130220,58621
20130221,57606
20130222,57630
20130225,57269
20130226,57102
20130227,57464
20130228,57635
20130301,56715
20130304,56318
20130305,56934
20130306,56691
20130307,56519
20130308,56716
20130311,56457
20130312,56340
20130313,56829
20130314,56783
20130315,57117
20130318,55259
20130319,54969
20130320,55393
20130321,55809
20130322,55659
20130325,55906
20130326,55766
20130327,55582
20130328,55338
20130329,54858
20130401,53754
20130402,54504
20130403,54052
20130408,54624
20130409,55118
20130410,55170
20130411,54940
20130412,55180
20130415,53460
20130416,52970
20130417,52310
20130418,50610
20130419,50770
20130422,49100
20130423,49180
20130424,50640
20130425,51330
20130426,51760
20130502,49670
20130503,51140
20130506,52910
20130507,52290
20130508,53100
20130509,53050
20130510,53490
20130513,53480
20130514,52760
20130515,52110
20130516,52230
20130517,53050
20130520,52590
20130521,53480
20130522,53650
20130523,52390
20130524,52940
20130527,52560
20130528,52710
20130529,52320
20130530,52440
20130531,52750
20130603,53050
20130604,53100
20130605,53630
20130606,53040
20130607,53170
20130613,51680
20130614,51590
20130617,51840
20130618,51140
20130619,51060
20130620,49810
20130621,49740
20130624,48070
20130625,48670
20130626,48150
20130627,48860
20130628,48640
20130701,49490
20130702,50140
20130703,50560
20130704,50100
20130705,49400
20130708,48800
20130709,49070
20130710,48790
20130711,50790
20130712,49820
20130715,49990
20130716,50330
20130717,49970
20130718,49770
20130719,49630
20130722,50410
20130723,50340
20130724,50600
20130725,50550
20130726,50110
20130729,49170
20130730,48960
20130731,49270
20130801,50050
20130802,50070
20130805,50210
20130806,50210
20130807,50090
20130808,51520
20130809,51520
20130812,52430
20130813,52200
20130814,52230
20130815,52170
20130816,53200
20130819,52830
20130820,52280
20130821,52560
20130822,52830
20130823,52790
20130826,53420
20130827,52900
20130828,52440
20130829,52450
20130830,52030
20130902,52560
20130903,52410
20130904,52080
20130905,51740
20130906,51910
20130909,52340
20130910,52040
20130911,52100
20130912,51480
20130913,51350
20130916,51240
20130917,51530
20130918,51740
20130923,52090
20130924,51800
20130925,51820
20130926,52300
20130927,52360
20130930,52810
20131008,52530
20131009,51780
20131010,51510
20131011,51730
20131014,52310
20131015,52210
20131016,52250
20131017,51850
20131018,52270
20131021,52360
20131022,52200
20131023,52130
20131024,51770
20131025,51200
20131028,51550
20131029,51550
20131030,52110
20131031,51830
20131101,52250
20131104,51720
20131105,51630
20131106,51600
20131107,51490
20131108,51480
20131111,51640
20131112,51480
20131113,50590
20131114,50420
20131115,50050
20131118,50370
20131119,49900
20131120,50450
20131121,50350
20131122,50540
20131125,50560
20131126,50840
20131127,50690
20131128,50440
20131129,50630
20131202,50650
20131203,50170
20131204,50380
20131205,50720
20131206,50900
20131209,50860
20131210,51070
20131211,51070
20131212,51550
20131213,51130
20131216,51400
20131217,51430
20131218,51290
20131219,51040
20131220,51380
20131223,51270
20131224,51430
20131225,52340
20131226,52210
20131227,52400
20131230,52330
20131231,52290
20140102,52670
20140103,51900
20140106,51760
20140107,51850
20140108,52040
20140109,51220
20140110,51330
20140113,51640
20140114,51760
20140115,51390
20140116,51750
20140117,51830
20140120,51810
20140121,51640
20140122,51640
20140123,51430
20140124,51290
20140127,50990
20140128,51020
20140129,51080
20140130,50940
20140207,51010
20140210,51060
20140211,50360
20140212,50630
20140213,50590
20140214,50670
20140217,51050
20140218,50670
20140219,50710
20140220,50430
20140221,50520
20140224,49910
20140225,49520
20140226,49680
20140227,49200
20140228,49270
20140303,48760
20140304,48980
20140305,49380
20140306,49130
20140307,48920
20140310,46660
20140311,46210
20140312,44530
20140313,44430
20140314,44310
20140317,44210
20140318,44910
20140319,44730
20140320,45160
20140321,45140
20140324,45390
20140325,45850
20140326,46130
20140327,45680
20140328,46400
20140331,46740
20140401,46690
20140402,46710
20140403,46390
20140404,46750
20140408,46790
20140409,46450
20140410,46280
20140411,46800
20140414,46860
20140415,46630
20140416,46230
20140417,46580
20140418,46410
20140421,46680
20140422,46470
20140423,46820
20140424,47270
20140425,47950
20140428,47990
20140429,47600
20140430,47630
20140505,47630
20140506,47510
20140507,47200
20140508,47080
20140509,47570
20140512,48300
20140513,48460
20140514,48730
20140515,48900
20140516,48450
20140519,49100
20140520,48950
20140521,48150
20140522,48380
20140523,48820
20140526,49240
20140527,48970
20140528,49040
20140529,48560
20140530,48700
20140603,48720
20140604,48150
20140605,48330
20140606,48240
20140609,47370
20140610,47480
20140611,47810
20140612,47430
20140613,47660
20140616,47990
20140617,48080
20140618,47990
20140619,47920
20140620,48630
20140623,49440
20140624,49250
20140625,49300
20140626,49720
20140627,49660
20140630,49750
20140701,50510
20140702,50410
20140703,51180
20140704,51440
20140707,50880
20140708,51210
20140709,50960
20140710,50580
20140711,50920
20140714,50670
20140715,50610
20140716,50410
20140717,49920
20140718,49700
20140721,49530
20140722,49850
20140723,49960
20140724,50610
20140725,50990
20140728,50590
20140729,50750
20140730,50210
20140731,50550
20140801,50570
20140804,50260
20140805,50580
20140806,49760
20140807,49800
20140808,49730
20140811,49900
20140812,49790
20140813,49290
20140814,48920
20140815,48910
20140818,48950
20140819,49340
20140820,49460
20140821,50140
20140822,50670
20140825,50560
20140826,50510
20140827,50180
20140828,50130
20140829,49650
20140901,49520
20140902,49690
20140903,49720
20140904,49560
20140905,49860
20140909,49380
20140910,48880
20140911,48180
20140912,48580
20140915,48350
20140916,48650
20140917,49400
20140918,49020
20140919,48660
20140922,47690
20140923,47890
20140924,47930
20140925,47860
20140926,47990
20140929,47740
20140930,48110
20141008,47740
20141009,47800
20141010,47230
20141013,47800
20141014,48030
20141015,48260
20141016,47260
20141017,46520
20141020,46860
20141021,46700
20141022,47220
20141023,47250
20141024,47500
20141027,47150
20141028,47620
20141029,47820
20141030,47550
20141031,47800
20141103,47290
20141104,47670
20141105,46520
20141106,46730
20141107,47100
20141110,47410
20141111,47040
20141112,47210
20141113,47260
20141114,47000
20141117,47470
20141118,47430
20141119,47140
20141120,47260
20141121,47360
20141124,47570
20141125,47550
20141126,46660
20141127,46760
20141128,46010
20141201,44510
20141202,45370
20141203,45170
20141204,45710
20141205,45970
20141208,45760
20141209,45760
20141210,46080
20141211,46060
20141212,46250
20141215,46560
20141216,45680
20141217,45410
20141218,45400
20141219,45610
20141222,46060
20141223,45690
20141224,45670
20141225,45670
20141226,45540
20141229,45040
20141230,45270
20141231,45760
20150105,45040
20150106,44720
20150107,44500
20150108,44540
20150109,44120
20150112,43770
20150113,42680
20150114,40960
20150115,40820
20150116,40870
20150119,41620
20150120,41130
20150121,41140
20150122,41430
20150123,40800
20150126,39290
20150127,40300
20150128,39700
20150129,39300
20150130,39060
20150202,40260
20150203,40720
20150204,41110
20150205,40940
20150206,41600
20150209,41180
20150210,41230
20150211,40990
20150212,40990
20150213,42010
20150216,42100
20150217,42060
20150225,41940
20150226,42520
20150227,42730
20150302,43170
20150303,42520
20150304,42450
20150305,42470
20150306,42190
20150309,42270
20150310,42180
20150311,42040
20150312,42520
20150313,42840
20150316,42830
20150317,42460
20150318,41630
20150319,41730
20150320,42050
20150323,43690
20150324,43870
20150325,43700
20150326,43930
20150327,43780
20150330,43830
20150331,43360
20150401,43280
20150402,43520
20150403,43280
20150407,43480
20150408,43460
20150409,43310
20150410,43500
20150413,43660
20150414,42840
20150415,42970
20150416,43310
20150417,43650
20150420,43810
20150421,43310
20150422,43250
20150423,42920
20150424,43230
20150427,43770
20150428,43780
20150429,43770
20150430,44260
20150504,45720
20150505,45710
20150506,46120
20150507,45820
20150508,45950
20150511,45760
20150512,45810
20150513,46240
20150514,46040
20150515,46040
20150518,46090
20150519,45690
20150520,44730
20150521,45080
20150522,45060
20150525,44670
20150526,44450
20150527,44330
20150528,44270
20150529,44320
20150601,43660
20150602,43700
20150603,43540
20150604,43420
20150605,42820
20150608,43180
20150609,43250
20150610,43350
20150611,43220
20150612,42490
20150615,42200
20150616,42140
20150617,41780
20150618,42070
20150619,41790
20150623,41880
20150624,42160
20150625,41860
20150626,42270
20150629,42560
20150630,42130
20150701,42000
20150702,42230
20150703,42400
20150706,40770
20150707,39820
20150708,38090
20150709,40430
20150710,40320
20150713,40050
20150714,40180
20150715,40640
20150716,40550
20150717,40370
20150720,39680
20150721,39940
20150722,39030
20150723,39030
20150724,37850
20150727,38070
20150728,38100
20150729,38850
20150730,38600
20150731,38280
20150803,37900
20150804,38190
20150805,38120
20150806,38060
20150807,37940
20150810,37940
20150811,39020
20150812,39300
20150813,39510
20150814,39190
20150817,39080
20150818,38700
20150819,38640
20150820,38510
20150821,38810
20150824,38180
20150825,38690
20150826,38740
20150827,38770
20150828,39280
20150831,39210
20150901,39160
20150902,39020
20150907,39360
20150908,39500
20150909,41120
20150910,41030
20150911,41130
20150914,40600
20150915,40310
20150916,40910
20150917,40970
20150918,40680
20150921,40290
20150922,39890
20150923,38890
20150924,38810
20150925,38910
20150928,38230
20150929,37670
20150930,38410
20151008,38920
20151009,40060
20151012,40120
20151013,39720
20151014,39600
20151015,39960
20151016,39510
20151019,39360
20151020,39160
20151021,38860
20151022,39220
20151023,39660
20151026,39010
20151027,39240
20151028,38840
20151029,38950
20151030,38760
20151102,38500
20151103,38420
20151104,38810
20151105,38210
20151106,38020
20151109,37600
20151110,37550
20151111,37070
20151112,37270
20151113,36220
20151116,36000
20151117,34970
20151118,34860
20151119,34730
20151120,34860
20151123,33450
20151124,33800
20151125,34580
20151126,35140
20151127,35330
20151130,34740
20151201,35060
20151202,34890
20151203,34380
20151204,34590
20151207,35290
20151208,34680
20151209,35000
20151210,34890
20151211,35920
20151214,36090
20151215,35590
20151216,35420
20151217,35100
20151218,35740
20151221,36190
20151222,36280
20151223,36300
20151224,36090
20151225,36250
20151228,35650
20151229,36190
20151230,36390
20151231,36540
20160104,35970
20160105,36490
20160106,36230
20160107,36070
20160108,35670
20160111,34780
20160112,34620
20160113,34770
20160114,34890
20160115,34770
20160118,34950
20160119,35330
20160120,35050
20160121,34830
20160122,35180
20160125,35040
20160126,35120
20160127,35820
20160128,35640
20160129,35730
20160201,35540
20160202,35760
20160203,35810
20160204,36510
20160205,36490
20160215,35780
20160216,35770
20160217,35510
20160218,35740
20160219,35940
20160222,36400
20160223,36240
20160224,35850
20160225,35970
20160226,35880
20160229,35870
20160301,36010
20160302,36910
20160303,36980
20160304,37940
20160307,38090
20160308,37750
20160309,37330
20160310,37320
20160311,37720
20160314,37750
20160315,37290
20160316,37600
20160317,37960
20160318,38420
20160321,38190
20160322,38190
20160323,38190
20160324,37670
20160325,37790
20160328,37560
20160329,37570
20160330,37010
20160331,36870
20160401,37130
20160405,36750
20160406,36730
20160407,36650
20160408,35770
20160411,35830
20160412,35990
20160413,36840
20160414,36830
20160415,36770
20160418,36600
20160419,36900
20160420,37350
20160421,38110
20160422,37960
20160425,38130
20160426,37710
20160427,37630
20160428,37270
20160429,37660
20160503,37890
20160504,37230
20160505,36850
20160506,36620
20160509,35860
20160510,35960
20160511,35980
20160512,36260
20160513,35500
20160516,35630
20160517,35910
20160518,35400
20160519,35200
20160520,35340
20160523,35170
20160524,35180
20160525,35490
20160526,36050
20160527,35880
20160530,35710
20160531,35780
20160601,35210
20160602,35300
20160603,35720
20160606,36260
20160607,35860
20160608,35270
20160613,35270
20160614,35130
20160615,35330
20160616,35400
20160617,35570
20160620,35460
20160621,35550
20160622,36230
20160623,36270
20160624,35950
20160627,36710
20160628,37180
20160629,37190
20160630,37530
20160701,37290
20160704,38390
20160705,37770
20160706,37400
20160707,36920
20160708,36630
20160711,37030
20160712,37170
20160713,38580
20160714,38620
20160715,38480
20160718,37850
20160719,38300
20160720,38330
20160721,38660
20160722,38210
20160725,38190
20160726,37830
20160727,37780
20160728,37860
20160729,37520
20160801,38250
20160802,38000
20160803,37790
20160804,37630
20160805,37610
20160808,37540
20160809,37230
20160810,37480
20160811,37530
20160812,37570
20160815,37080
20160816,37240
20160817,37250
20160818,37390
20160819,37410
20160822,37150
20160823,37140
20160824,36680
20160825,36400
20160826,36460
20160829,36440
20160830,36280
20160831,36310
20160901,36560
20160902,36670
20160905,36520
20160906,36580
20160907,36760
20160908,36590
20160909,36650
20160912,36180
20160913,36610
20160914,36730
20160919,37230
20160920,37280
20160921,37330
20160922,37670
20160923,37880
20160926,37780
20160927,37700
20160928,37520
20160929,37670
20160930,37720
20161010,37660
20161011,38160
20161012,37950
20161013,37650
20161014,37390
20161017,37330
20161018,37410
20161019,37210
20161020,37330
20161021,37190
20161024,37360
20161025,38000
20161026,37770
20161027,37820
20161028,38270
20161031,38410
20161101,38750
20161102,38590
20161103,38990
20161104,39120
20161107,40370
20161108,40450
20161109,41600
20161110,43910
20161111,46730
20161114,45500
20161115,43670
20161116,44570
20161117,43680
20161118,44230
20161121,45170
20161122,46260
20161123,45820
20161124,48270
20161125,48160
20161128,49530
20161129,46770
20161130,46270
20161201,47060
20161202,46620
20161205,47350
20161206,47690
20161207,48350
20161208,47230
20161209,47440
20161212,47280
20161213,46970
20161214,46560
20161215,46860
20161216,46520
20161219,45680
20161220,44970
20161221,45400
20161222,44520
20161223,45190
20161226,44180
20161227,44730
20161228,45640
20161229,45830
20161230,45520
20170103,45780
20170104,45560
20170105,45810
20170106,45380
20170109,45770
20170110,46160
20170111,47210
20170112,47040
20170113,47460
20170116,48020
20170117,46860
20170118,46650
20170119,46790
20170120,46130
20170123,46910
20170124,47150
20170125,47750
20170126,48090
20170203,46880
20170206,46730
20170207,46990
20170208,47800
20170209,47580
20170210,47820
20170213,50160
20170214,50140
20170215,48830
20170216,48830
20170217,48500
20170220,48880
20170221,49030
20170222,48790
20170223,48530
20170224,47930
20170227,47890
20170228,47890
20170301,48820
20170302,48870
20170303,48470
20170306,48100
20170307,47930
20170308,47350
20170309,46590
20170310,46700
20170313,47550
20170314,47390
20170315,47710
20170316,48210
20170317,47820
20170320,48040
20170321,47390
20170322,46760
20170323,47230
20170324,47210
20170327,46380
20170328,46850
20170329,47650
20170330,47570
20170331,47920
20170405,47600
20170406,48020
20170407,47330
20170410,47260
20170411,46760
20170412,46330
20170413,46560
20170414,46220
20170417,46580
20170418,45940
20170419,45920
20170420,45640
20170421,46100
20170424,45990
20170425,46120
20170426,46350
20170427,46400
20170428,46450
20170502,46890
20170503,46680
20170504,45310
20170505,45090
20170508,44760
20170509,44820
20170510,44930
20170511,45340
20170512,45020
20170515,45530
20170516,45260
20170517,45490
20170518,45070
20170519,45400
20170522,45910
20170523,45890
20170524,45880
20170525,46070
20170526,46100
20170531,45330
20170601,45440
20170602,45460
20170605,45360
20170606,45010
20170607,44970
20170608,45350
20170609,46030
20170612,46460
20170613,45940
20170614,46060
20170615,45720
20170616,45610
20170619,45790
20170620,45980
20170621,45660
20170622,45940
20170623,46830
20170626,46970
20170627,46870
20170628,47090
20170629,47700
20170630,47720
20170703,47750
20170704,47190
20170705,47300
20170706,47130
20170707,47290
20170710,46970
20170711,47240
20170712,47460
20170713,47590
20170714,47350
20170717,48010
20170718,47900
20170719,48170
20170720,48010
20170721,48210
20170724,48000
20170725,48820
20170726,50390
20170727,50360
20170728,50250
20170731,51020
20170801,50540
20170802,50380
20170803,50210
20170804,50630
20170807,50650
20170808,50660
20170809,51510
20170810,51010
20170811,50200
20170814,50310
20170815,50590
20170816,50440
20170817,51710
20170818,51310
20170821,51870
20170822,52420
20170823,51810
20170824,52120
20170825,53020
20170828,53170
20170829,52910
20170830,52950
20170831,53030
20170901,53020
20170904,53390
20170905,53850
20170906,53410
20170907,52940
20170908,51930
20170911,51700
20170912,51870
20170913,51190
20170914,50560
20170915,50550
20170918,50870
20170919,50900
20170920,50990
20170921,50340
20170922,49800
20170925,50440
