 2013/10/18	   974.0	   984.0	   962.0	   976.0	         338700	
 2013/10/21	   974.0	   976.0	   959.0	   967.0	         104026	
 2013/10/22	   965.0	   965.0	   946.0	   946.0	          98812	
 2013/10/23	   948.0	   951.0	   935.0	   938.0	         122456	
 2013/10/24	   937.0	   937.0	   916.0	   925.0	         177400	
 2013/10/25	   927.0	   934.0	   916.0	   917.0	         108826	
 2013/10/28	   919.0	   926.0	   916.0	   921.0	          86858	
 2013/10/29	   922.0	   922.0	   912.0	   919.0	         108908	
 2013/10/30	   917.0	   928.0	   915.0	   922.0	         124214	
 2013/10/31	   923.0	   925.0	   918.0	   920.0	          77154	
 2013/11/01	   919.0	   952.0	   919.0	   941.0	         329152	
 2013/11/04	   942.0	   956.0	   941.0	   949.0	         177942	
 2013/11/05	   947.0	   953.0	   942.0	   945.0	         110230	
 2013/11/06	   948.0	   950.0	   941.0	   943.0	          71754	
 2013/11/07	   944.0	   946.0	   938.0	   944.0	          94728	
 2013/11/08	   945.0	   947.0	   935.0	   937.0	          71884	
 2013/11/11	   939.0	   942.0	   933.0	   940.0	          60720	
 2013/11/12	   938.0	   942.0	   935.0	   941.0	          47886	
 2013/11/13	   939.0	   949.0	   938.0	   941.0	          99902	
 2013/11/14	   939.0	   942.0	   935.0	   935.0	          57574	
 2013/11/15	   937.0	   940.0	   928.0	   929.0	          79910	
 2013/11/18	   929.0	   933.0	   924.0	   930.0	          56586	
 2013/11/19	   935.0	   940.0	   931.0	   940.0	          63546	
 2013/11/20	   940.0	   944.0	   938.0	   940.0	          44890	
 2013/11/21	   940.0	   940.0	   930.0	   930.0	          43236	
 2013/11/22	   932.0	   933.0	   927.0	   929.0	          54496	
 2013/11/25	   931.0	   934.0	   926.0	   931.0	          40540	
 2013/11/26	   932.0	   941.0	   932.0	   939.0	          75276	
 2013/11/27	   938.0	   940.0	   931.0	   934.0	          31592	
 2013/11/28	   932.0	   938.0	   932.0	   937.0	          28536	
 2013/11/29	   937.0	   943.0	   937.0	   937.0	          34138	
 2013/12/02	   938.0	   939.0	   933.0	   935.0	          43020	
 2013/12/03	   936.0	   939.0	   934.0	   937.0	          36684	
 2013/12/04	   940.0	   953.0	   940.0	   950.0	          97470	
 2013/12/05	   950.0	   954.0	   942.0	   943.0	          55270	
 2013/12/06	   943.0	   944.0	   936.0	   939.0	          44522	
 2013/12/09	   939.0	   944.0	   938.0	   943.0	          20184	
 2013/12/10	   943.0	   945.0	   940.0	   940.0	          17184	
 2013/12/11	   940.0	   940.0	   932.0	   935.0	          41416	
 2013/12/12	   934.0	   936.0	   928.0	   928.0	          37364	
 2013/12/13	   926.0	   926.0	   905.0	   912.0	         100498	
 2013/12/16	   911.0	   921.0	   911.0	   916.0	          42230	
 2013/12/17	   916.0	   918.0	   907.0	   908.0	          26784	
 2013/12/18	   907.0	   911.0	   900.0	   904.0	          76142	
 2013/12/19	   907.0	   910.0	   904.0	   905.0	          33700	
 2013/12/20	   906.0	   910.0	   899.0	   902.0	          37540	
 2013/12/23	   902.0	   902.0	   883.0	   889.0	         143740	
 2013/12/24	   888.0	   903.0	   888.0	   895.0	         100328	
 2013/12/25	   898.0	   899.0	   893.0	   898.0	          51462	
 2013/12/26	   896.0	   899.0	   883.0	   893.0	          89600	
 2013/12/27	   893.0	   905.0	   892.0	   902.0	          92094	
 2013/12/30	   903.0	   915.0	   903.0	   906.0	          91510	
 2013/12/31	   905.0	   909.0	   896.0	   907.0	          77816	
 2014/01/02	   907.0	   908.0	   896.0	   903.0	          59526	
 2014/01/03	   900.0	   901.0	   884.0	   898.0	         139438	
 2014/01/06	   896.0	   896.0	   885.0	   889.0	         118280	
 2014/01/07	   888.0	   895.0	   884.0	   893.0	          94584	
 2014/01/08	   891.0	   893.0	   881.0	   888.0	         111804	
 2014/01/09	   887.0	   895.0	   880.0	   884.0	         111906	
 2014/01/10	   882.0	   882.0	   866.0	   876.0	         202396	
 2014/01/13	   873.0	   875.0	   864.0	   866.0	         119584	
 2014/01/14	   869.0	   877.0	   861.0	   876.0	         109056	
 2014/01/15	   873.0	   877.0	   870.0	   874.0	          77568	
 2014/01/16	   875.0	   880.0	   871.0	   874.0	          80322	
 2014/01/17	   872.0	   872.0	   865.0	   870.0	          91202	
 2014/01/20	   867.0	   870.0	   854.0	   856.0	         113144	
 2014/01/21	   857.0	   857.0	   839.0	   842.0	         158540	
 2014/01/22	   844.0	   853.0	   840.0	   846.0	          94792	
 2014/01/23	   849.0	   878.0	   849.0	   872.0	         253884	
 2014/01/24	   868.0	   874.0	   865.0	   870.0	         119320	
 2014/01/27	   866.0	   867.0	   855.0	   858.0	          89732	
 2014/01/28	   858.0	   862.0	   852.0	   852.0	          69796	
 2014/01/29	   853.0	   862.0	   851.0	   860.0	          60104	
 2014/01/30	   858.0	   866.0	   855.0	   862.0	          41634	
 2014/02/07	   860.0	   862.0	   846.0	   850.0	          97658	
 2014/02/10	   851.0	   854.0	   841.0	   848.0	         113976	
 2014/02/11	   846.0	   851.0	   840.0	   843.0	          83684	
 2014/02/12	   844.0	   849.0	   839.0	   848.0	          82514	
 2014/02/13	   846.0	   852.0	   845.0	   848.0	          76930	
 2014/02/14	   848.0	   859.0	   848.0	   856.0	          95806	
 2014/02/17	   856.0	   868.0	   856.0	   868.0	         172762	
 2014/02/18	   867.0	   872.0	   856.0	   856.0	         122794	
 2014/02/19	   861.0	   863.0	   856.0	   860.0	          74102	
 2014/02/20	   858.0	   860.0	   849.0	   849.0	          80192	
 2014/02/21	   850.0	   850.0	   844.0	   847.0	          92442	
 2014/02/24	   844.0	   844.0	   817.0	   820.0	         250616	
 2014/02/25	   824.0	   826.0	   809.0	   815.0	         168188	
 2014/02/26	   816.0	   819.0	   809.0	   817.0	         178470	
 2014/02/27	   815.0	   822.0	   813.0	   821.0	         141574	
 2014/02/28	   820.0	   824.0	   808.0	   812.0	         175266	
 2014/03/03	   813.0	   814.0	   799.0	   804.0	         178942	
 2014/03/04	   804.0	   807.0	   797.0	   805.0	         192304	
 2014/03/05	   803.0	   812.0	   795.0	   807.0	         331960	
 2014/03/06	   805.0	   808.0	   791.0	   793.0	         280012	
 2014/03/07	   798.0	   798.0	   768.0	   769.0	         323480	
 2014/03/10	   770.0	   770.0	   738.0	   738.0	         270904	
 2014/03/11	   736.0	   755.0	   711.0	   744.0	         766418	
 2014/03/12	   733.0	   745.0	   712.0	   741.0	        1022528	
 2014/03/13	   733.0	   755.0	   733.0	   752.0	         793866	
 2014/03/14	   742.0	   754.0	   724.0	   743.0	         951524	
 2014/03/17	   740.0	   751.0	   732.0	   733.0	         767074	
 2014/03/18	   737.0	   742.0	   726.0	   736.0	         883396	
 2014/03/19	   734.0	   741.0	   732.0	   736.0	         487760	
 2014/03/20	   737.0	   764.0	   736.0	   737.0	        1136732	
 2014/03/21	   746.0	   746.0	   733.0	   736.0	         938288	
 2014/03/24	   738.0	   747.0	   718.0	   746.0	        1386118	
 2014/03/25	   744.0	   761.0	   740.0	   761.0	        1088596	
 2014/03/26	   753.0	   766.0	   752.0	   760.0	         684950	
 2014/03/27	   757.0	   771.0	   754.0	   759.0	         796648	
 2014/03/28	   760.0	   784.0	   758.0	   783.0	         834998	
 2014/03/31	   771.0	   800.0	   771.0	   795.0	        1069260	
 2014/04/01	   790.0	   803.0	   788.0	   801.0	         815858	
 2014/04/02	   796.0	   804.0	   779.0	   785.0	         968638	
 2014/04/03	   788.0	   801.0	   779.0	   800.0	        1256822	
 2014/04/04	   791.0	   810.0	   791.0	   808.0	         699708	
 2014/04/08	   800.0	   832.0	   800.0	   825.0	         861304	
 2014/04/09	   821.0	   831.0	   816.0	   819.0	         737168	
 2014/04/10	   823.0	   828.0	   813.0	   816.0	         694658	
 2014/04/11	   820.0	   820.0	   809.0	   814.0	         488778	
 2014/04/14	   812.0	   819.0	   795.0	   803.0	         843170	
 2014/04/15	   803.0	   811.0	   796.0	   811.0	         655994	
 2014/04/16	   810.0	   810.0	   792.0	   796.0	         696470	
 2014/04/17	   798.0	   801.0	   793.0	   794.0	         412958	
 2014/04/18	   794.0	   794.0	   773.0	   779.0	        1128592	
 2014/04/21	   781.0	   787.0	   775.0	   779.0	         490460	
 2014/04/22	   777.0	   780.0	   767.0	   777.0	         617118	
 2014/04/23	   773.0	   785.0	   766.0	   784.0	         510098	
 2014/04/24	   784.0	   799.0	   781.0	   792.0	         685936	
 2014/04/25	   788.0	   798.0	   788.0	   792.0	         422192	
 2014/04/28	   786.0	   786.0	   755.0	   758.0	         992078	
 2014/04/29	   758.0	   772.0	   757.0	   769.0	         653890	
 2014/04/30	   767.0	   769.0	   753.0	   763.0	         652612	
 2014/05/05	   757.0	   770.0	   753.0	   769.0	         453262	
 2014/05/06	   768.0	   772.0	   762.0	   765.0	         425754	
 2014/05/07	   765.0	   766.0	   745.0	   746.0	         766384	
 2014/05/08	   747.0	   748.0	   733.0	   733.0	         766230	
 2014/05/09	   737.0	   739.0	   730.0	   733.0	         477992	
 2014/05/12	   732.0	   739.0	   725.0	   739.0	         898172	
 2014/05/13	   738.0	   747.0	   735.0	   738.0	         640082	
 2014/05/14	   738.0	   741.0	   732.0	   736.0	         521990	
 2014/05/15	   737.0	   741.0	   732.0	   735.0	         557824	
 2014/05/16	   736.0	   736.0	   710.0	   715.0	        1049048	
 2014/05/19	   712.0	   712.0	   701.0	   704.0	        1134690	
 2014/05/20	   703.0	   706.0	   694.0	   697.0	         849920	
 2014/05/21	   700.0	   710.0	   696.0	   706.0	         727698	
 2014/05/22	   707.0	   723.0	   707.0	   712.0	         900646	
 2014/05/23	   714.0	   718.0	   703.0	   705.0	         676442	
 2014/05/26	   705.0	   725.0	   704.0	   719.0	        1167502	
 2014/05/27	   718.0	   722.0	   714.0	   721.0	         481426	
 2014/05/28	   718.0	   719.0	   700.0	   705.0	         823180	
 2014/05/29	   705.0	   708.0	   697.0	   701.0	         882404	
 2014/05/30	   697.0	   697.0	   677.0	   680.0	        1047510	
 2014/06/03	   684.0	   686.0	   675.0	   683.0	         675924	
 2014/06/04	   681.0	   692.0	   681.0	   691.0	         707666	
 2014/06/05	   692.0	   695.0	   682.0	   688.0	         883968	
 2014/06/06	   688.0	   694.0	   684.0	   689.0	         828168	
 2014/06/09	   689.0	   693.0	   686.0	   690.0	         582586	
 2014/06/10	   691.0	   692.0	   681.0	   686.0	         671278	
 2014/06/11	   685.0	   687.0	   680.0	   682.0	         528608	
 2014/06/12	   680.0	   680.0	   667.0	   668.0	         823082	
 2014/06/13	   664.0	   672.0	   661.0	   668.0	         796214	
 2014/06/16	   667.0	   667.0	   660.0	   662.0	         686854	
 2014/06/17	   659.0	   673.0	   657.0	   669.0	         680096	
 2014/06/18	   668.0	   674.0	   666.0	   667.0	         551478	
 2014/06/19	   668.0	   672.0	   664.0	   665.0	         659612	
 2014/06/20	   667.0	   683.0	   664.0	   678.0	        1216196	
 2014/06/23	   680.0	   697.0	   680.0	   690.0	        1111380	
 2014/06/24	   689.0	   689.0	   681.0	   683.0	         489588	
 2014/06/25	   684.0	   695.0	   684.0	   691.0	         704746	
 2014/06/26	   693.0	   715.0	   693.0	   714.0	        1434332	
 2014/06/27	   711.0	   716.0	   705.0	   705.0	         780538	
 2014/06/30	   704.0	   704.0	   692.0	   694.0	         723168	
 2014/07/01	   697.0	   701.0	   691.0	   700.0	         710416	
 2014/07/02	   701.0	   717.0	   697.0	   715.0	        1287892	
 2014/07/03	   716.0	   722.0	   709.0	   711.0	         891502	
 2014/07/04	   713.0	   715.0	   708.0	   709.0	         732768	
 2014/07/07	   709.0	   712.0	   693.0	   705.0	        1164798	
 2014/07/08	   704.0	   719.0	   697.0	   717.0	        1374442	
 2014/07/09	   714.0	   717.0	   697.0	   698.0	        1034984	
 2014/07/10	   702.0	   712.0	   699.0	   703.0	        1074124	
 2014/07/11	   705.0	   710.0	   701.0	   709.0	         951176	
 2014/07/14	   709.0	   717.0	   709.0	   712.0	         792600	
 2014/07/15	   714.0	   722.0	   712.0	   714.0	         811210	
 2014/07/16	   716.0	   719.0	   712.0	   714.0	         635156	
 2014/07/17	   713.0	   714.0	   705.0	   706.0	         573586	
 2014/07/18	   706.0	   706.0	   681.0	   681.0	        1230092	
 2014/07/21	   686.0	   686.0	   677.0	   681.0	         650558	
 2014/07/22	   681.0	   687.0	   677.0	   678.0	         746710	
 2014/07/23	   679.0	   681.0	   672.0	   675.0	         661662	
 2014/07/24	   674.0	   674.0	   666.0	   666.0	         757260	
 2014/07/25	   669.0	   677.0	   667.0	   672.0	         725532	
 2014/07/28	   672.0	   688.0	   672.0	   684.0	         842346	
 2014/07/29	   682.0	   691.0	   682.0	   686.0	         514792	
 2014/07/30	   687.0	   687.0	   677.0	   679.0	         569248	
 2014/07/31	   680.0	   685.0	   678.0	   682.0	         491072	
 2014/08/01	   680.0	   683.0	   673.0	   675.0	         705934	
 2014/08/04	   676.0	   687.0	   671.0	   686.0	         744786	
 2014/08/05	   679.0	   693.0	   679.0	   685.0	         795324	
 2014/08/06	   685.0	   686.0	   679.0	   680.0	         669128	
 2014/08/07	   682.0	   688.0	   678.0	   679.0	         637532	
 2014/08/08	   682.0	   682.0	   670.0	   676.0	         693834	
 2014/08/11	   674.0	   679.0	   671.0	   671.0	         581388	
 2014/08/12	   674.0	   674.0	   665.0	   668.0	         512430	
 2014/08/13	   667.0	   672.0	   660.0	   662.0	         876626	
 2014/08/14	   663.0	   663.0	   651.0	   653.0	         777126	
 2014/08/15	   656.0	   665.0	   653.0	   665.0	         664058	
 2014/08/18	   665.0	   666.0	   650.0	   650.0	         915020	
 2014/08/19	   655.0	   656.0	   649.0	   654.0	         514012	
 2014/08/20	   652.0	   656.0	   645.0	   646.0	         647854	
 2014/08/21	   651.0	   651.0	   644.0	   646.0	         440278	
 2014/08/22	   646.0	   650.0	   642.0	   643.0	         551470	
 2014/08/25	   642.0	   646.0	   638.0	   644.0	         618120	
 2014/08/26	   642.0	   649.0	   641.0	   647.0	         425386	
 2014/08/27	   648.0	   648.0	   635.0	   637.0	         678092	
 2014/08/28	   636.0	   639.0	   619.0	   626.0	        1309014	
 2014/08/29	   627.0	   631.0	   624.0	   627.0	         734170	
 2014/09/01	   626.0	   627.0	   617.0	   619.0	         786268	
 2014/09/02	   620.0	   632.0	   617.0	   627.0	        1051956	
 2014/09/03	   625.0	   626.0	   603.0	   605.0	        1280058	
 2014/09/04	   607.0	   609.0	   594.0	   594.0	        1097938	
 2014/09/05	   596.0	   597.0	   584.0	   585.0	        1127502	
 2014/09/09	   592.0	   594.0	   583.0	   584.0	         689812	
 2014/09/10	   579.0	   594.0	   568.0	   589.0	        1450628	
 2014/09/11	   587.0	   589.0	   577.0	   584.0	         928564	
 2014/09/12	   586.0	   590.0	   583.0	   589.0	         695620	
 2014/09/15	   599.0	   599.0	   587.0	   597.0	        1261612	
 2014/09/16	   596.0	   602.0	   589.0	   597.0	        1127920	
 2014/09/17	   601.0	   601.0	   590.0	   596.0	         962312	
 2014/09/18	   593.0	   594.0	   589.0	   590.0	         598164	
 2014/09/19	   584.0	   585.0	   572.0	   574.0	         947366	
 2014/09/22	   565.0	   565.0	   554.0	   554.0	        1281092	
 2014/09/23	   554.0	   561.0	   551.0	   557.0	        1290248	
 2014/09/24	   556.0	   564.0	   554.0	   559.0	         720030	
 2014/09/25	   559.0	   561.0	   546.0	   548.0	        1400686	
 2014/09/26	   547.0	   560.0	   547.0	   554.0	        1440782	
 2014/09/29	   556.0	   557.0	   531.0	   534.0	        1346724	
 2014/09/30	   538.0	   544.0	   537.0	   540.0	         628158	
 2014/10/08	   553.0	   553.0	   531.0	   534.0	         663480	
 2014/10/09	   536.0	   548.0	   534.0	   548.0	        1305576	
 2014/10/10	   545.0	   557.0	   539.0	   555.0	        1361030	
 2014/10/13	   565.0	   570.0	   563.0	   570.0	        1036612	
 2014/10/14	   573.0	   575.0	   567.0	   573.0	        1100686	
 2014/10/15	   571.0	   575.0	   563.0	   564.0	        1439726	
 2014/10/16	   553.0	   553.0	   545.0	   545.0	        1538876	
 2014/10/17	   551.0	   553.0	   546.0	   551.0	        1049480	
 2014/10/20	   553.0	   564.0	   553.0	   561.0	        1284778	
 2014/10/21	   561.0	   568.0	   558.0	   559.0	        1171508	
 2014/10/22	   561.0	   561.0	   550.0	   551.0	        1322564	
 2014/10/23	   545.0	   546.0	   535.0	   543.0	        2186902	
 2014/10/24	   540.0	   547.0	   536.0	   543.0	        1395128	
 2014/10/27	   542.0	   544.0	   534.0	   537.0	        1034368	
 2014/10/28	   534.0	   536.0	   531.0	   533.0	         716348	
 2014/10/29	   534.0	   537.0	   531.0	   535.0	         827716	
 2014/10/30	   535.0	   547.0	   534.0	   542.0	        1507938	
 2014/10/31	   539.0	   542.0	   536.0	   538.0	         946192	
 2014/11/03	   534.0	   538.0	   526.0	   526.0	        1248694	
 2014/11/04	   522.0	   530.0	   518.0	   525.0	        1415332	
 2014/11/05	   526.0	   529.0	   514.0	   516.0	        1470754	
 2014/11/06	   517.0	   518.0	   507.0	   510.0	        1170756	
 2014/11/07	   514.0	   518.0	   510.0	   516.0	        1372686	
 2014/11/10	   518.0	   521.0	   514.0	   518.0	        1125534	
 2014/11/11	   515.0	   517.0	   511.0	   514.0	         876484	
 2014/11/12	   517.0	   518.0	   510.0	   511.0	         822558	
 2014/11/13	   509.0	   511.0	   507.0	   510.0	         852934	
 2014/11/14	   508.0	   512.0	   507.0	   510.0	         634534	
 2014/11/17	   510.0	   513.0	   508.0	   509.0	         693550	
 2014/11/18	   504.0	   505.0	   489.0	   489.0	        1524144	
 2014/11/19	   487.0	   487.0	   471.0	   475.0	        1578416	
 2014/11/20	   476.0	   481.0	   475.0	   477.0	         660964	
 2014/11/21	   474.0	   478.0	   467.0	   476.0	        1380992	
 2014/11/24	   481.0	   482.0	   470.0	   471.0	        1109208	
 2014/11/25	   467.0	   467.0	   460.0	   467.0	        1444874	
 2014/11/26	   463.0	   469.0	   459.0	   467.0	        1712066	
 2014/11/27	   469.0	   482.0	   469.0	   482.0	        1611542	
 2014/11/28	   482.0	   491.0	   481.0	   486.0	        1710600	
 2014/12/01	   473.0	   483.0	   470.0	   480.0	        1539300	
 2014/12/02	   488.0	   489.0	   473.0	   476.0	        1366982	
 2014/12/03	   474.0	   484.0	   472.0	   483.0	        1256262	
 2014/12/04	   482.0	   496.0	   482.0	   493.0	        2144628	
 2014/12/05	   491.0	   492.0	   484.0	   491.0	        1334284	
 2014/12/08	   492.0	   496.0	   479.0	   481.0	        1549540	
 2014/12/09	   480.0	   488.0	   470.0	   487.0	        1866850	
 2014/12/10	   486.0	   487.0	   475.0	   482.0	        1311924	
 2014/12/11	   479.0	   489.0	   479.0	   479.0	        1274444	
 2014/12/12	   479.0	   489.0	   479.0	   489.0	        1004262	
 2014/12/15	   487.0	   490.0	   482.0	   483.0	         885716	
 2014/12/16	   475.0	   479.0	   472.0	   478.0	         912316	
 2014/12/17	   477.0	   486.0	   475.0	   483.0	        1114586	
 2014/12/18	   485.0	   488.0	   483.0	   485.0	         885382	
 2014/12/19	   491.0	   492.0	   486.0	   490.0	         671382	
 2014/12/22	   488.0	   489.0	   481.0	   483.0	         764208	
 2014/12/23	   479.0	   479.0	   470.0	   472.0	         868600	
 2014/12/24	   474.0	   477.0	   469.0	   476.0	         747746	
 2014/12/25	   474.0	   479.0	   472.0	   475.0	         456840	
 2014/12/26	   475.0	   478.0	   472.0	   474.0	         334254	
 2014/12/29	   473.0	   485.0	   472.0	   484.0	         735210	
 2014/12/30	   484.0	   498.0	   484.0	   498.0	         736616	
 2014/12/31	   509.0	   514.0	   502.0	   508.0	        1244962	
 2015/01/05	   504.0	   504.0	   495.0	   498.0	         677722	
 2015/01/06	   495.0	   518.0	   495.0	   518.0	        1294552	
 2015/01/07	   515.0	   515.0	   504.0	   511.0	        1050662	
 2015/01/08	   512.0	   515.0	   504.0	   509.0	         741612	
 2015/01/09	   510.0	   511.0	   504.0	   507.0	         976974	
 2015/01/12	   506.0	   515.0	   494.0	   495.0	        1250152	
 2015/01/13	   492.0	   500.0	   491.0	   497.0	         617472	
 2015/01/14	   495.0	   500.0	   487.0	   494.0	         979002	
 2015/01/15	   496.0	   505.0	   491.0	   503.0	         805402	
 2015/01/16	   504.0	   509.0	   499.0	   502.0	         690770	
 2015/01/19	   499.0	   507.0	   493.0	   504.0	         890362	
 2015/01/20	   504.0	   505.0	   497.0	   498.0	         429584	
 2015/01/21	   498.0	   500.0	   481.0	   482.0	         917606	
 2015/01/22	   481.0	   489.0	   480.0	   483.0	         804206	
 2015/01/23	   483.0	   485.0	   470.0	   472.0	         909382	
 2015/01/26	   472.0	   473.0	   463.0	   466.0	         994848	
 2015/01/27	   464.0	   470.0	   463.0	   466.0	         429556	
 2015/01/28	   468.0	   470.0	   462.0	   467.0	         380108	
 2015/01/29	   469.0	   474.0	   466.0	   472.0	         520396	
 2015/01/30	   472.0	   473.0	   468.0	   470.0	         291578	
 2015/02/02	   470.0	   473.0	   467.0	   468.0	         328144	
 2015/02/03	   469.0	   479.0	   469.0	   475.0	         714404	
 2015/02/04	   477.0	   483.0	   467.0	   469.0	        1062166	
 2015/02/05	   470.0	   476.0	   468.0	   472.0	         704612	
 2015/02/06	   473.0	   477.0	   469.0	   475.0	         498514	
 2015/02/09	   477.0	   477.0	   471.0	   473.0	         377916	
 2015/02/10	   474.0	   478.0	   473.0	   477.0	         149602	
 2015/02/11	   480.0	   480.0	   475.0	   478.0	         248574	
 2015/02/12	   477.0	   477.0	   473.0	   476.0	         223008	
 2015/02/13	   478.0	   489.0	   476.0	   484.0	         653550	
 2015/02/16	   485.0	   494.0	   484.0	   492.0	         397522	
 2015/02/17	   492.0	   492.0	   484.0	   489.0	         218532	
 2015/02/25	   487.0	   487.0	   475.0	   475.0	         642874	
 2015/02/26	   476.0	   486.0	   476.0	   485.0	         457934	
 2015/02/27	   485.0	   488.0	   480.0	   481.0	         573504	
 2015/03/02	   481.0	   483.0	   475.0	   481.0	         795996	
 2015/03/03	   482.0	   484.0	   478.0	   482.0	         432600	
 2015/03/04	   481.0	   483.0	   474.0	   476.0	         449254	
 2015/03/05	   472.0	   472.0	   458.0	   458.0	        1144598	
 2015/03/06	   458.0	   461.0	   448.0	   451.0	         833162	
 2015/03/09	   451.0	   464.0	   449.0	   457.0	        1104946	
 2015/03/10	   458.0	   459.0	   452.0	   453.0	         372386	
 2015/03/11	   452.0	   457.0	   450.0	   456.0	         541284	
 2015/03/12	   455.0	   462.0	   453.0	   460.0	         628430	
 2015/03/13	   461.0	   466.0	   455.0	   456.0	         589726	
 2015/03/16	   454.0	   460.0	   452.0	   459.0	         462396	
 2015/03/17	   460.0	   460.0	   454.0	   455.0	         267594	
 2015/03/18	   453.0	   454.0	   438.0	   438.0	        1308432	
 2015/03/19	   436.0	   444.0	   435.0	   438.0	         792724	
 2015/03/20	   438.0	   443.0	   430.0	   431.0	         771254	
 2015/03/23	   432.0	   438.0	   428.0	   436.0	        1695854	
 2015/03/24	   438.0	   445.0	   436.0	   441.0	        1275684	
 2015/03/25	   441.0	   443.0	   431.0	   432.0	         818614	
 2015/03/26	   433.0	   437.0	   426.0	   428.0	        1345366	
 2015/03/27	   426.0	   429.0	   413.0	   421.0	        1843398	
 2015/03/30	   421.0	   423.0	   408.0	   409.0	        1400564	
 2015/03/31	   410.0	   412.0	   400.0	   401.0	        1144498	
 2015/04/01	   401.0	   402.0	   391.0	   392.0	        1514444	
 2015/04/02	   385.0	   389.0	   380.0	   380.0	        1549122	
 2015/04/03	   373.0	   389.0	   370.0	   380.0	        2043742	
 2015/04/07	   380.0	   389.0	   380.0	   387.0	         972748	
 2015/04/08	   389.0	   393.0	   377.0	   392.0	        1713632	
 2015/04/09	   393.0	   393.0	   377.0	   378.0	        1430202	
 2015/04/10	   375.0	   380.0	   368.0	   370.0	        1510082	
 2015/04/13	   373.0	   387.0	   372.0	   387.0	        2164894	
 2015/04/14	   389.0	   400.0	   388.0	   396.0	        1796472	
 2015/04/15	   399.0	   399.0	   386.0	   387.0	        1304290	
 2015/04/16	   389.0	   400.0	   388.0	   395.0	        1092116	
 2015/04/17	   396.0	   401.0	   391.5	   394.5	        1239720	
 2015/04/20	   394.0	   397.5	   386.5	   387.5	        1549136	
 2015/04/21	   388.0	   390.0	   379.0	   388.0	        1513798	
 2015/04/22	   388.5	   399.5	   386.0	   399.5	        1409032	
 2015/04/23	   403.5	   406.5	   395.5	   400.0	        1876878	
 2015/04/24	   405.0	   418.0	   404.5	   418.0	        2574226	
 2015/04/27	   421.5	   436.5	   420.0	   434.5	        3116108	
 2015/04/28	   433.0	   437.0	   423.0	   427.5	        2439416	
 2015/04/29	   427.5	   429.5	   413.0	   413.0	        1988330	
 2015/04/30	   409.0	   420.0	   407.0	   413.5	        2484062	
 2015/05/04	   412.5	   427.5	   410.5	   425.0	        1570204	
 2015/05/05	   431.5	   436.0	   424.0	   433.5	        2696448	
 2015/05/06	   434.5	   447.5	   433.0	   445.5	        3087530	
 2015/05/07	   444.5	   447.0	   431.0	   434.0	        2720676	
 2015/05/08	   433.5	   443.5	   428.0	   436.5	        3575148	
 2015/05/11	   440.0	   446.0	   436.5	   441.5	        2907750	
 2015/05/12	   442.0	   445.5	   434.0	   437.0	        2605708	
 2015/05/13	   439.5	   441.5	   428.5	   429.0	        2486398	
 2015/05/14	   428.5	   431.0	   418.5	   421.5	        3094096	
 2015/05/15	   422.0	   427.5	   416.0	   427.5	        2847634	
 2015/05/18	   425.5	   429.5	   422.5	   422.5	        1622504	
 2015/05/19	   421.0	   424.0	   415.5	   416.5	        1764872	
 2015/05/20	   415.0	   416.5	   409.5	   414.0	        2161102	
 2015/05/21	   416.5	   425.0	   414.0	   422.5	        2292914	
 2015/05/22	   422.5	   423.5	   414.0	   422.5	        2074760	
 2015/05/25	   421.5	   429.5	   417.5	   429.0	        2249846	
 2015/05/26	   429.5	   439.0	   428.5	   432.5	        3178792	
 2015/05/27	   432.5	   438.0	   429.5	   431.5	        2042612	
 2015/05/28	   429.0	   435.5	   426.5	   429.0	        2120878	
 2015/05/29	   428.0	   432.0	   420.5	   431.0	        2623764	
 2015/06/01	   431.0	   441.5	   430.0	   440.5	        2469084	
 2015/06/02	   441.0	   444.5	   435.0	   440.5	        2304154	
 2015/06/03	   440.5	   442.5	   433.0	   433.5	        1924456	
 2015/06/04	   434.0	   440.5	   431.5	   440.0	        2028616	
 2015/06/05	   440.0	   441.0	   432.5	   435.0	        1658100	
 2015/06/08	   434.5	   435.5	   429.5	   432.5	         982174	
 2015/06/09	   431.5	   438.0	   429.5	   431.5	        1548438	
 2015/06/10	   433.5	   448.5	   433.0	   448.0	        2472434	
 2015/06/11	   450.0	   455.0	   445.0	   452.0	        3141450	
 2015/06/12	   450.5	   451.5	   441.5	   442.0	        2741576	
 2015/06/15	   443.0	   447.5	   442.5	   444.5	        1579888	
 2015/06/16	   443.5	   444.0	   431.5	   432.5	        2273538	
 2015/06/17	   432.5	   433.0	   420.0	   420.5	        2994842	
 2015/06/18	   422.0	   430.0	   419.5	   426.0	        2195356	
 2015/06/19	   425.0	   430.0	   424.5	   428.0	        1148516	
 2015/06/23	   427.0	   428.5	   422.0	   427.5	         765722	
 2015/06/24	   428.5	   441.0	   427.5	   440.5	        2170096	
 2015/06/25	   440.0	   440.5	   432.0	   432.0	        1699780	
 2015/06/26	   431.0	   434.0	   425.5	   431.5	        1896898	
 2015/06/29	   430.5	   432.0	   424.0	   424.0	        1830588	
 2015/06/30	   422.0	   422.5	   410.0	   410.0	        2238216	
 2015/07/01	   409.0	   412.0	   405.0	   405.5	        1783308	
 2015/07/02	   405.5	   411.5	   401.5	   410.0	        2017080	
 2015/07/03	   404.5	   412.0	   396.5	   401.5	        3040730	
 2015/07/06	   398.0	   399.0	   387.5	   387.5	        1799288	
 2015/07/07	   377.5	   379.0	   369.0	   369.0	        2274418	
 2015/07/08	   350.5	   352.5	   340.5	   341.0	        3766728	
 2015/07/09	   337.5	   372.0	   335.5	   362.0	        4581478	
 2015/07/10	   366.0	   370.0	   358.5	   359.5	        3921290	
 2015/07/13	   361.0	   367.0	   353.5	   358.0	        3032948	
 2015/07/14	   359.5	   368.5	   358.5	   362.0	        2490864	
 2015/07/15	   363.0	   367.0	   357.5	   361.5	        2171056	
 2015/07/16	   359.5	   363.0	   353.5	   358.5	        2713540	
 2015/07/17	   359.5	   361.5	   355.0	   360.0	        1660998	
 2015/07/20	   358.0	   372.0	   357.5	   372.0	        2706154	
 2015/07/21	   372.5	   379.5	   369.5	   371.5	        2613406	
 2015/07/22	   369.5	   373.5	   358.5	   360.0	        2770602	
 2015/07/23	   359.5	   367.0	   357.0	   363.0	        2134812	
 2015/07/24	   364.5	   365.5	   357.0	   359.5	        2522054	
 2015/07/27	   360.5	   371.0	   359.5	   365.0	        3187672	
 2015/07/28	   363.0	   376.5	   358.5	   370.5	        3929560	
 2015/07/29	   373.0	   379.5	   372.0	   379.5	        3411840	
 2015/07/30	   381.5	   383.5	   371.5	   373.5	        3316664	
 2015/07/31	   372.5	   380.0	   370.5	   377.0	        2921988	
 2015/08/03	   378.0	   387.0	   374.0	   374.5	        4750550	
 2015/08/04	   375.5	   380.0	   372.5	   378.5	        3040002	
 2015/08/05	   382.0	   388.5	   380.0	   388.0	        3959984	
 2015/08/06	   387.5	   388.0	   383.0	   383.5	        2748068	
 2015/08/07	   382.0	   384.5	   375.5	   380.5	        2769194	
 2015/08/10	   379.0	   381.0	   374.5	   378.0	        2044984	
 2015/08/11	   378.5	   389.0	   378.0	   380.0	        3387820	
 2015/08/12	   379.0	   384.5	   376.0	   384.0	        2914884	
 2015/08/13	   386.0	   394.0	   384.5	   393.0	        3876608	
 2015/08/14	   392.5	   393.5	   388.0	   390.0	        2183238	
 2015/08/17	   392.0	   394.0	   384.5	   385.5	        2498530	
 2015/08/18	   386.5	   391.0	   386.0	   388.5	        2221612	
 2015/08/19	   387.0	   389.0	   374.5	   380.5	        3518664	
 2015/08/20	   381.0	   382.5	   375.0	   379.0	        2554260	
 2015/08/21	   379.5	   383.0	   377.5	   381.5	        1941982	
 2015/08/24	   380.5	   381.0	   364.0	   364.0	        2832008	
 2015/08/25	   360.5	   367.5	   357.5	   361.5	        3593566	
 2015/08/26	   373.5	   374.0	   362.0	   362.5	        2500108	
 2015/08/27	   360.5	   372.5	   360.5	   372.0	        2105624	
 2015/08/28	   372.0	   380.5	   370.5	   380.5	        1644918	
 2015/08/31	   381.0	   391.5	   377.0	   387.0	        3068980	
 2015/09/01	   386.0	   392.5	   381.5	   386.0	        3023840	
 2015/09/02	   385.5	   390.0	   383.0	   388.5	        1843346	
 2015/09/07	   389.5	   390.5	   379.5	   381.0	        1853366	
 2015/09/08	   381.0	   386.0	   375.5	   385.5	        2517300	
 2015/09/09	   387.0	   399.0	   385.5	   395.0	        4935036	
 2015/09/10	   394.5	   410.0	   392.5	   406.5	        5088036	
 2015/09/11	   406.5	   413.5	   401.5	   403.5	        4240514	
 2015/09/14	   402.5	   407.0	   397.0	   397.5	        2994652	
 2015/09/15	   396.0	   400.0	   388.0	   389.0	        2910262	
 2015/09/16	   390.0	   395.5	   387.5	   393.5	        3546670	
 2015/09/17	   392.0	   395.0	   388.0	   389.5	        3484636	
 2015/09/18	   390.5	   392.5	   383.5	   384.0	        2497538	
 2015/09/21	   383.0	   390.0	   383.0	   386.5	        2428022	
 2015/09/22	   387.5	   388.0	   376.5	   379.5	        2887538	
 2015/09/23	   377.5	   379.5	   367.5	   373.5	        3836722	
 2015/09/24	   373.5	   375.5	   370.5	   372.0	        1605466	
 2015/09/25	   371.0	   379.5	   368.5	   375.5	        3455066	
 2015/09/28	   374.5	   374.5	   359.5	   361.0	        2361648	
 2015/09/29	   360.0	   363.5	   353.5	   359.5	        2597434	
 2015/09/30	   360.5	   361.5	   357.0	   358.0	        1102352	
 2015/10/08	   362.0	   371.0	   360.0	   365.0	        1612358	
 2015/10/09	   364.0	   384.0	   364.0	   382.0	        2932678	
 2015/10/12	   382.0	   382.0	   368.5	   370.5	        3364838	
 2015/10/13	   369.0	   370.0	   363.0	   367.5	        2509362	
 2015/10/14	   367.5	   372.0	   365.5	   367.0	        2379548	
 2015/10/15	   367.0	   370.5	   365.0	   367.0	        2188286	
 2015/10/16	   365.0	   366.5	   360.0	   360.5	        2942898	
 2015/10/19	   361.5	   365.0	   360.5	   362.0	        2467164	
 2015/10/20	   361.5	   367.0	   360.5	   362.0	        2395310	
 2015/10/21	   363.0	   364.5	   356.0	   356.5	        2929638	
 2015/10/22	   356.5	   361.5	   354.0	   358.0	        2262186	
 2015/10/23	   358.5	   361.0	   355.0	   360.5	        2011614	
 2015/10/26	   360.0	   360.5	   355.0	   355.5	        2071756	
 2015/10/27	   355.5	   358.0	   350.0	   355.0	        2811580	
 2015/10/28	   354.5	   356.0	   347.0	   348.0	        2537014	
 2015/10/29	   347.5	   350.0	   346.0	   348.5	        2605534	
 2015/10/30	   350.0	   354.5	   348.5	   352.5	        3116924	
 2015/11/02	   351.5	   354.5	   349.0	   349.5	        2127750	
 2015/11/03	   349.0	   349.5	   337.5	   341.0	        4088510	
 2015/11/04	   341.0	   345.5	   339.5	   344.0	        2481426	
 2015/11/05	   344.5	   348.5	   340.0	   340.0	        2765232	
 2015/11/06	   338.5	   344.0	   337.0	   342.0	        2703302	
 2015/11/09	   341.5	   345.0	   338.0	   342.5	        2675874	
 2015/11/10	   344.0	   344.0	   338.5	   341.0	        1727088	
 2015/11/11	   341.5	   342.0	   337.5	   337.5	        1402756	
 2015/11/12	   338.5	   340.0	   335.5	   337.0	        1903036	
 2015/11/13	   336.0	   341.5	   336.0	   339.0	        1972534	
 2015/11/16	   338.5	   342.0	   333.5	   334.5	        2146102	
 2015/11/17	   335.0	   335.5	   328.0	   329.0	        2920186	
 2015/11/18	   328.0	   329.0	   324.0	   326.5	        2126848	
 2015/11/19	   326.0	   326.5	   313.5	   317.0	        3103166	
 2015/11/20	   315.5	   320.5	   314.5	   316.5	        2682310	
 2015/11/23	   317.0	   319.5	   312.0	   312.0	        2453238	
 2015/11/24	   312.5	   315.0	   308.0	   312.0	        3481312	
 2015/11/25	   310.0	   316.5	   309.5	   314.5	        2825410	
 2015/11/26	   312.5	   326.5	   311.0	   313.5	        4589140	
 2015/11/27	   314.5	   315.0	   310.0	   311.0	        1946242	
 2015/11/30	   310.5	   311.5	   301.0	   302.0	        2571562	
 2015/12/01	   301.0	   302.0	   297.5	   298.5	        2336194	
 2015/12/02	   294.5	   300.0	   293.5	   296.5	        4341546	
 2015/12/03	   296.0	   299.5	   292.5	   293.5	        2714370	
 2015/12/04	   293.5	   295.5	   287.5	   291.0	        3501790	
 2015/12/07	   292.5	   296.5	   289.5	   294.5	        2493874	
 2015/12/08	   294.0	   294.5	   286.5	   287.5	        2030320	
 2015/12/09	   287.5	   290.5	   285.5	   287.5	        1548564	
 2015/12/10	   288.0	   290.0	   282.5	   284.5	        2151080	
 2015/12/11	   285.0	   288.5	   283.0	   288.0	        2111558	
 2015/12/14	   287.0	   294.0	   286.0	   291.0	        2922614	
 2015/12/15	   290.0	   298.5	   289.5	   289.5	        3843796	
 2015/12/16	   290.0	   294.0	   288.0	   293.5	        1958224	
 2015/12/17	   294.5	   296.5	   292.5	   293.5	        2752328	
 2015/12/18	   294.0	   302.0	   293.5	   300.5	        2887876	
 2015/12/21	   302.0	   311.0	   301.0	   309.5	        4384528	
 2015/12/22	   309.5	   311.0	   304.0	   309.0	        3276874	
 2015/12/23	   309.0	   309.0	   303.0	   304.0	        2462052	
 2015/12/24	   304.5	   309.5	   304.0	   305.5	        2561170	
 2015/12/25	   305.5	   307.0	   304.5	   306.0	        1045812	
 2015/12/28	   306.0	   311.0	   304.5	   309.5	        2646226	
 2015/12/29	   310.0	   316.0	   308.5	   315.5	        3514166	
 2015/12/30	   315.5	   324.0	   315.0	   320.0	        3653142	
 2015/12/31	   319.5	   329.0	   318.0	   321.0	        4048576	
 2016/01/04	   324.0	   326.5	   318.0	   320.0	        3263308	
 2016/01/05	   320.0	   324.0	   318.0	   323.0	        2786368	
 2016/01/06	   323.0	   324.0	   314.5	   317.0	        3084112	
 2016/01/07	   316.5	   321.5	   315.5	   318.0	        2538720	
 2016/01/08	   316.0	   317.0	   309.0	   310.0	        2974770	
 2016/01/11	   309.5	   311.0	   302.5	   303.0	        2443912	
 2016/01/12	   304.5	   305.0	   297.0	   298.0	        2068604	
 2016/01/13	   298.5	   303.5	   296.0	   298.5	        2138388	
 2016/01/14	   299.5	   302.5	   296.0	   302.5	        2548268	
 2016/01/15	   302.5	   308.5	   301.5	   304.0	        3116440	
 2016/01/18	   303.5	   318.5	   301.0	   316.0	        4469030	
 2016/01/19	   315.5	   320.0	   314.0	   319.0	        2477656	
 2016/01/20	   318.0	   319.0	   310.0	   310.5	        2269848	
 2016/01/21	   309.5	   313.0	   308.0	   310.5	        2569046	
 2016/01/22	   310.5	   320.0	   309.0	   312.0	        4110978	
 2016/01/25	   313.5	   316.0	   309.0	   310.0	        2772132	
 2016/01/26	   309.5	   315.5	   307.0	   314.5	        2685800	
 2016/01/27	   317.0	   322.5	   314.5	   321.0	        3607472	
 2016/01/28	   320.5	   323.0	   315.0	   315.5	        3570908	
 2016/01/29	   316.0	   319.0	   315.0	   317.5	        2529342	
 2016/02/01	   318.5	   326.5	   318.0	   321.0	        3703026	
 2016/02/02	   321.5	   324.5	   319.5	   321.5	        2855472	
 2016/02/03	   323.0	   327.0	   320.5	   325.0	        2372524	
 2016/02/04	   326.5	   337.0	   326.0	   336.5	        3726872	
 2016/02/05	   335.5	   336.0	   328.5	   331.0	        1904430	
 2016/02/15	   326.5	   337.0	   325.5	   334.5	        1608058	
 2016/02/16	   335.5	   336.5	   332.5	   334.0	        1753434	
 2016/02/17	   335.0	   338.0	   332.5	   333.5	        2536952	
 2016/02/18	   334.0	   338.5	   332.0	   338.0	        2620194	
 2016/02/19	   339.0	   348.0	   337.5	   346.0	        3689742	
 2016/02/22	   346.0	   358.5	   344.5	   358.5	        3089102	
 2016/02/23	   362.0	   371.0	   356.5	   360.0	        5420356	
 2016/02/24	   359.5	   366.0	   358.5	   364.0	        4997416	
 2016/02/25	   362.5	   368.0	   359.0	   361.5	        4723148	
 2016/02/26	   361.5	   362.5	   352.5	   356.5	        4436958	
 2016/02/29	   356.5	   362.0	   353.0	   362.0	        4782348	
 2016/03/01	   364.0	   373.5	   361.0	   369.0	        6945684	
 2016/03/02	   371.0	   379.0	   370.0	   377.5	        5772406	
 2016/03/03	   378.5	   383.5	   373.5	   375.0	        4856274	
 2016/03/04	   376.0	   388.0	   371.5	   387.5	        7288060	
 2016/03/07	   389.0	   398.0	   386.5	   398.0	        2809284	
 2016/03/08	   414.0	   414.5	   405.5	   413.5	        3381166	
 2016/03/09	   413.5	   418.0	   394.5	   407.5	        9776136	
 2016/03/10	   412.0	   430.0	   411.5	   420.5	       10458552	
 2016/03/11	   415.5	   423.0	   405.5	   410.0	        6957836	
 2016/03/14	   402.0	   434.5	   402.0	   404.0	        7564796	
 2016/03/15	   404.0	   408.5	   391.5	   392.5	        6778402	
 2016/03/16	   392.5	   402.0	   392.5	   401.0	        5371264	
 2016/03/17	   402.5	   417.5	   398.0	   416.0	        7520648	
 2016/03/18	   415.5	   430.0	   414.5	   428.0	        7122940	
 2016/03/21	   428.0	   445.0	   424.5	   433.5	        9188318	
 2016/03/22	   436.0	   437.0	   423.0	   426.5	        6988422	
 2016/03/23	   425.5	   432.5	   418.0	   418.0	        7063866	
 2016/03/24	   415.5	   417.0	   396.5	   396.5	        6978338	
 2016/03/25	   393.0	   399.5	   390.5	   398.0	        4973580	
 2016/03/28	   402.0	   404.5	   382.0	   383.0	        7107480	
 2016/03/29	   386.5	   388.5	   376.0	   383.5	        5870240	
 2016/03/30	   383.5	   391.5	   378.5	   383.5	        6565448	
 2016/03/31	   385.0	   389.0	   375.5	   383.0	        5089720	
 2016/04/01	   386.0	   393.5	   383.5	   388.5	        4731790	
 2016/04/05	   388.0	   391.0	   374.5	   384.5	        3646870	
 2016/04/06	   384.5	   387.0	   371.5	   377.5	        3796562	
 2016/04/07	   377.0	   384.5	   376.0	   379.5	        3254510	
 2016/04/08	   377.5	   381.5	   375.5	   378.5	        3018186	
 2016/04/11	   380.5	   395.5	   380.0	   389.0	        5139130	
 2016/04/12	   391.5	   410.5	   390.5	   410.5	        6020824	
 2016/04/13	   416.0	   425.0	   412.5	   419.0	        6517908	
 2016/04/14	   418.0	   432.0	   415.0	   417.0	        6625044	
 2016/04/15	   416.5	   419.0	   404.0	   407.0	        7123370	
 2016/04/18	   405.5	   433.5	   402.5	   423.5	        6493558	
 2016/04/19	   426.0	   433.0	   422.0	   432.0	        6902584	
 2016/04/20	   435.5	   452.5	   434.5	   452.5	        7409944	
 2016/04/21	   454.5	   471.5	   447.0	   471.0	        6959440	
 2016/04/22	   469.5	   490.0	   455.5	   470.0	        6955024	
 2016/04/25	   468.0	   498.5	   456.5	   467.5	        5263608	
 2016/04/26	   468.0	   468.5	   446.5	   447.0	        3503054	
 2016/04/27	   446.0	   449.5	   428.5	   431.0	        2555088	
 2016/04/28	   432.0	   442.5	   420.5	   441.5	        2525514	
 2016/04/29	   443.0	   457.5	   442.5	   457.5	        1911268	
 2016/05/03	   451.5	   457.5	   426.5	   437.0	        1643302	
 2016/05/04	   433.5	   439.0	   422.5	   430.0	        1898424	
 2016/05/05	   430.5	   434.0	   406.0	   408.5	        2296030	
 2016/05/06	   411.0	   415.5	   400.5	   413.5	        2430762	
 2016/05/09	   415.0	   422.5	   384.0	   384.0	        2808742	
 2016/05/10	   383.0	   386.0	   375.5	   381.5	        2259162	
 2016/05/11	   384.5	   388.5	   373.0	   381.0	        2240652	
 2016/05/12	   381.5	   384.5	   368.5	   369.0	        1760182	
 2016/05/13	   367.5	   371.0	   356.5	   358.5	        2273938	
 2016/05/16	   359.5	   369.0	   357.5	   362.0	        1841972	
 2016/05/17	   364.0	   382.0	   360.5	   379.5	        1910618	
 2016/05/18	   378.5	   385.5	   362.0	   366.0	        2538750	
 2016/05/19	   365.0	   371.5	   357.5	   361.0	        1919556	
 2016/05/20	   358.5	   372.5	   357.0	   369.0	        1960544	
 2016/05/23	   370.0	   371.5	   343.5	   347.0	        2467102	
 2016/05/24	   346.5	   347.0	   338.5	   344.0	        1582530	
 2016/05/25	   347.0	   348.5	   334.0	   336.0	        1745728	
 2016/05/26	   336.5	   342.0	   332.0	   339.0	        2285388	
 2016/05/27	   340.0	   348.0	   329.5	   344.0	        3358336	
 2016/05/30	   344.0	   346.0	   327.5	   341.0	        2476666	
 2016/05/31	   340.5	   346.5	   337.5	   338.0	        2057642	
 2016/06/01	   339.0	   342.0	   334.5	   342.0	        1583258	
 2016/06/02	   339.0	   344.0	   336.0	   337.5	        1343678	
 2016/06/03	   338.0	   345.5	   337.5	   341.0	        1186878	
 2016/06/06	   346.5	   359.5	   341.0	   359.0	        1910010	
 2016/06/07	   359.0	   366.0	   356.5	   361.0	        1493584	
 2016/06/08	   359.0	   366.0	   354.0	   358.0	        1405712	
 2016/06/13	   357.0	   371.0	   355.0	   364.5	        1479658	
 2016/06/14	   364.5	   368.5	   347.5	   348.0	        1785494	
 2016/06/15	   348.0	   354.5	   348.0	   352.0	        1046480	
 2016/06/16	   355.5	   363.0	   352.0	   357.5	        1288242	
 2016/06/17	   356.5	   364.0	   353.0	   364.0	        1365918	
 2016/06/20	   363.5	   367.5	   359.5	   361.0	        1164404	
 2016/06/21	   360.5	   370.0	   360.5	   365.5	        1189326	
 2016/06/22	   365.0	   379.0	   363.5	   377.5	        1745126	
 2016/06/23	   378.0	   382.5	   376.0	   378.5	        1259354	
 2016/06/24	   380.0	   384.5	   372.0	   375.5	        1642808	
 2016/06/27	   376.5	   401.5	   376.5	   401.5	        1944858	
 2016/06/28	   403.0	   413.0	   397.5	   409.0	        1946492	
 2016/06/29	   411.0	   414.0	   403.0	   409.0	        1570156	
 2016/06/30	   408.5	   421.5	   407.5	   418.5	        1964954	
 2016/07/01	   418.5	   421.0	   403.0	   411.0	        1851860	
 2016/07/04	   412.0	   430.0	   411.5	   427.0	        2255448	
 2016/07/05	   430.5	   436.0	   412.0	   429.5	        2574820	
 2016/07/06	   429.0	   432.0	   407.0	   416.0	        2526802	
 2016/07/07	   411.5	   427.0	   408.0	   414.5	        2297246	
 2016/07/08	   417.5	   419.5	   404.5	   418.0	        2314572	
 2016/07/11	   420.5	   421.5	   406.5	   417.0	        1807454	
 2016/07/12	   418.0	   440.0	   415.0	   439.5	        2315144	
 2016/07/13	   441.5	   451.5	   436.0	   442.5	        2113782	
 2016/07/14	   444.0	   450.0	   437.0	   449.0	        1637996	
 2016/07/15	   446.5	   449.0	   439.5	   446.0	        1410962	
 2016/07/18	   446.5	   447.0	   415.5	   415.5	        2105372	
 2016/07/19	   415.5	   418.5	   404.0	   408.5	        1633788	
 2016/07/20	   408.5	   412.0	   404.0	   408.0	        1203630	
 2016/07/21	   407.5	   432.0	   403.0	   430.5	        1875976	
 2016/07/22	   431.5	   432.0	   409.5	   411.5	        2045338	
 2016/07/25	   411.5	   426.5	   407.0	   423.5	        1801578	
 2016/07/26	   422.5	   427.0	   416.0	   426.5	        1496368	
 2016/07/27	   430.0	   446.5	   428.5	   446.5	        2396156	
 2016/07/28	   448.0	   454.5	   442.0	   453.5	        1986994	
 2016/07/29	   453.0	   456.5	   438.5	   441.0	        1937208	
 2016/08/01	   441.5	   466.0	   434.5	   464.5	        2289346	
 2016/08/02	   462.5	   467.0	   457.5	   464.0	        1511860	
 2016/08/03	   464.5	   465.0	   457.0	   461.5	        1273340	
 2016/08/04	   461.0	   462.0	   441.0	   449.5	        1931348	
 2016/08/05	   450.5	   471.0	   449.0	   468.0	        2256802	
 2016/08/08	   468.0	   478.0	   463.0	   476.5	        1601350	
 2016/08/09	   475.0	   483.0	   466.5	   474.0	        1870438	
 2016/08/10	   473.0	   476.0	   458.0	   463.0	        2188334	
 2016/08/11	   463.5	   463.5	   445.5	   448.5	        2120014	
 2016/08/12	   447.0	   450.0	   441.5	   445.5	        1617550	
 2016/08/15	   442.5	   445.5	   425.0	   432.5	        2262824	
 2016/08/16	   432.5	   448.0	   429.5	   444.5	        2028904	
 2016/08/17	   446.0	   450.5	   431.0	   431.5	        1953260	
 2016/08/18	   432.5	   444.5	   428.5	   440.0	        2175722	
 2016/08/19	   438.5	   448.5	   433.0	   446.0	        1928726	
 2016/08/22	   446.0	   451.0	   441.5	   444.0	        1611468	
 2016/08/23	   443.0	   457.5	   441.5	   456.0	        1626336	
 2016/08/24	   456.0	   460.0	   451.5	   455.5	        1401356	
 2016/08/25	   455.5	   457.5	   428.5	   441.0	        2656324	
 2016/08/26	   440.0	   442.0	   430.0	   430.0	        2009952	
 2016/08/29	   429.5	   429.5	   414.0	   419.5	        2257586	
 2016/08/30	   421.0	   424.5	   412.5	   416.0	        1904520	
 2016/08/31	   418.0	   419.0	   408.0	   410.0	        2023608	
 2016/09/01	   409.5	   416.0	   405.0	   414.0	        1764386	
 2016/09/02	   414.0	   428.0	   412.5	   416.0	        2200790	
 2016/09/05	   419.5	   425.0	   413.0	   415.0	        2040434	
 2016/09/06	   415.0	   426.5	   414.0	   420.5	        1912632	
 2016/09/07	   421.0	   422.0	   403.0	   404.0	        2412118	
 2016/09/08	   404.5	   408.0	   399.0	   404.5	        1768198	
 2016/09/09	   403.0	   406.0	   398.0	   404.5	        1417552	
 2016/09/12	   404.0	   410.0	   393.0	   394.0	        1933114	
 2016/09/13	   394.0	   397.0	   384.5	   389.5	        1649378	
 2016/09/14	   390.0	   391.5	   386.5	   389.0	        1156638	
 2016/09/19	   382.0	   390.0	   379.0	   389.0	        1057390	
 2016/09/20	   390.0	   398.0	   388.5	   393.0	        1518074	
 2016/09/21	   393.5	   396.0	   390.0	   394.0	        1155100	
 2016/09/22	   394.0	   414.5	   393.5	   402.5	        2280814	
 2016/09/23	   405.0	   409.0	   402.5	   408.0	        1328634	
 2016/09/26	   408.5	   414.0	   402.5	   405.5	        1646734	
 2016/09/27	   405.5	   406.0	   395.5	   400.0	        1387482	
 2016/09/28	   399.0	   407.0	   397.5	   407.0	        1214562	
 2016/09/29	   408.0	   419.5	   405.5	   407.0	        1815790	
 2016/09/30	   406.5	   408.0	   395.5	   397.5	        1130954	
 2016/10/10	   398.5	   406.5	   391.0	   405.5	        1311054	
 2016/10/11	   407.5	   415.0	   405.5	   415.0	        1587730	
 2016/10/12	   415.0	   422.0	   411.0	   420.0	        1696480	
 2016/10/13	   419.5	   421.0	   415.0	   419.0	        1323442	
 2016/10/14	   419.0	   436.5	   416.0	   429.5	        1868554	
 2016/10/17	   429.0	   438.0	   428.0	   433.5	        1537802	
 2016/10/18	   432.0	   433.0	   423.5	   429.5	        1426668	
 2016/10/19	   430.0	   441.5	   424.0	   427.5	        2203030	
 2016/10/20	   429.0	   438.0	   427.0	   434.0	        1663106	
 2016/10/21	   435.5	   438.0	   426.0	   434.5	        1420796	
 2016/10/24	   434.0	   444.0	   427.5	   443.0	        1749018	
 2016/10/25	   444.0	   461.0	   443.5	   461.0	        1699524	
 2016/10/26	   466.5	   475.0	   452.5	   461.5	        2324678	
 2016/10/27	   463.0	   471.5	   454.0	   466.5	        2131272	
 2016/10/28	   468.5	   484.5	   463.0	   481.5	        2178958	
 2016/10/31	   481.5	   490.0	   475.0	   490.0	        1932894	
 2016/11/01	   487.0	   495.0	   480.5	   490.0	        1784686	
 2016/11/02	   490.5	   495.5	   476.0	   478.5	        2003924	
 2016/11/03	   478.0	   487.0	   475.0	   487.0	        1531294	
 2016/11/04	   487.0	   495.0	   482.5	   486.5	        2137382	
 2016/11/07	   486.5	   515.5	   478.5	   506.0	        3131056	
 2016/11/08	   506.0	   513.5	   494.0	   503.5	        2692476	
 2016/11/09	   502.5	   534.5	   502.5	   534.5	        1995962	
 2016/11/10	   551.5	   570.0	   546.5	   569.0	        2558774	
 2016/11/11	   572.0	   595.0	   569.0	   594.5	        1632456	
 2016/11/14	   620.0	   629.5	   575.5	   602.5	        3861584	
 2016/11/15	   602.0	   607.5	   569.0	   569.0	        1801856	
 2016/11/16	   552.0	   561.0	   540.0	   555.0	        2119540	
 2016/11/17	   557.0	   558.0	   527.5	   554.0	        2286974	
 2016/11/18	   559.0	   559.5	   521.5	   527.5	        2302430	
 2016/11/21	   529.5	   539.0	   508.0	   528.0	        2494530	
 2016/11/22	   531.0	   552.5	   528.5	   552.0	        1476204	
 2016/11/23	   568.0	   586.0	   565.5	   586.0	        2332804	
 2016/11/24	   579.0	   627.0	   571.0	   593.5	        2912220	
 2016/11/25	   596.5	   626.0	   591.5	   625.0	        2806794	
 2016/11/28	   626.5	   640.0	   608.5	   631.0	        2635124	
 2016/11/29	   628.5	   639.5	   584.5	   585.5	        2727842	
 2016/11/30	   584.5	   587.0	   561.0	   561.0	        1657770	
 2016/12/01	   564.0	   608.0	   555.5	   600.5	        2606182	
 2016/12/02	   601.0	   607.0	   555.0	   579.0	        3217232	
 2016/12/05	   578.5	   614.5	   568.5	   607.5	        2621104	
 2016/12/06	   609.0	   620.5	   596.5	   606.5	        2046352	
 2016/12/07	   606.5	   650.0	   604.5	   646.0	        2242556	
 2016/12/08	   645.0	   655.0	   620.0	   636.5	        2177514	
 2016/12/09	   635.5	   637.0	   596.5	   619.0	        2647120	
 2016/12/12	   622.5	   656.5	   607.0	   636.0	        2104128	
 2016/12/13	   635.5	   645.5	   627.5	   645.5	        1722654	
 2016/12/14	   640.0	   640.5	   598.0	   604.0	        2813738	
 2016/12/15	   606.5	   620.0	   591.0	   607.0	        2200354	
 2016/12/16	   601.5	   611.5	   590.0	   590.5	        1724806	
 2016/12/19	   577.5	   588.5	   558.0	   559.0	        1889710	
 2016/12/20	   562.5	   574.0	   557.5	   566.0	        1648070	
 2016/12/21	   569.0	   573.5	   551.5	   570.5	        1630202	
 2016/12/22	   570.0	   570.0	   539.5	   540.5	        1673632	
 2016/12/23	   541.5	   552.0	   538.0	   545.5	        1532452	
 2016/12/26	   546.0	   555.5	   525.5	   549.5	        2237798	
 2016/12/27	   551.0	   558.5	   532.5	   555.0	        1951842	
 2016/12/28	   554.0	   569.5	   548.5	   559.0	        1848152	
 2016/12/29	   556.5	   567.0	   549.0	   563.0	        1582066	
 2016/12/30	   558.0	   564.5	   539.5	   541.5	        1494344	
 2017/01/03	   548.0	   560.0	   525.0	   527.5	        1014982	
 2017/01/04	   529.5	   541.5	   525.5	   535.5	        1374344	
 2017/01/05	   537.5	   552.0	   532.5	   543.0	        1218528	
 2017/01/06	   543.5	   549.5	   530.5	   531.5	        1340648	
 2017/01/09	   532.5	   564.5	   529.5	   564.0	        1316570	
 2017/01/10	   562.0	   586.5	   557.5	   586.5	        1489970	
 2017/01/11	   591.5	   596.5	   584.0	   593.5	        1140240	
 2017/01/12	   589.5	   609.5	   584.5	   600.0	        1399448	
 2017/01/13	   602.5	   612.0	   592.0	   600.5	        1272638	
 2017/01/16	   599.5	   650.0	   597.0	   646.0	        1763324	
 2017/01/17	   641.5	   657.0	   615.5	   630.5	        1858464	
 2017/01/18	   631.0	   658.5	   621.5	   630.5	        1978232	
 2017/01/19	   627.5	   635.0	   615.5	   629.5	        1590988	
 2017/01/20	   628.0	   633.0	   600.5	   605.0	        1715926	
 2017/01/23	   601.0	   609.5	   597.5	   599.5	        1166184	
 2017/01/24	   600.5	   646.0	   599.5	   640.5	        1705988	
 2017/01/25	   641.5	   642.5	   621.5	   633.0	        1062992	
 2017/01/26	   630.5	   653.5	   627.0	   651.0	         928040	
 2017/02/03	   650.5	   653.0	   597.0	   601.5	        1113488	
 2017/02/06	   601.0	   605.0	   588.0	   592.5	        1154006	
 2017/02/07	   592.5	   619.0	   588.0	   614.0	        1357242	
 2017/02/08	   614.0	   635.5	   612.0	   630.0	        1392054	
 2017/02/09	   630.0	   637.5	   625.0	   629.5	        1167670	
 2017/02/10	   627.5	   682.0	   625.5	   675.0	        2433598	
 2017/02/13	   675.5	   701.5	   675.0	   701.5	        1773468	
 2017/02/14	   700.5	   705.0	   685.0	   700.5	        1303890	
 2017/02/15	   700.0	   706.0	   680.0	   686.5	        2132410	
 2017/02/16	   683.5	   709.5	   671.0	   674.0	        2566028	
 2017/02/17	   675.5	   694.5	   674.0	   689.5	        1745690	
 2017/02/20	   700.0	   702.5	   682.0	   700.5	        1733566	
 2017/02/22	   716.0	   719.0	   697.5	   708.5	        1634736	
 2017/02/23	   705.5	   714.0	   686.0	   694.0	        1867662	
 2017/02/24	   698.5	   698.5	   659.0	   683.0	        2396054	
 2017/02/27	   686.0	   716.0	   674.5	   698.0	        2415336	
 2017/02/28	   697.5	   700.5	   672.0	   673.0	        2367448	
 2017/03/01	   674.0	   686.0	   669.0	   678.5	        2047390	
 2017/03/02	   677.5	   689.0	   672.0	   677.0	        1846184	
 2017/03/03	   677.0	   678.0	   646.5	   669.0	        2571604	
 2017/03/06	   669.5	   675.0	   638.0	   643.0	        2581106	
 2017/03/07	   643.5	   650.0	   634.5	   642.0	        1642832	
 2017/03/08	   644.5	   651.5	   634.0	   640.0	        2353488	
 2017/03/09	   641.5	   643.5	   618.5	   634.0	        2270648	
 2017/03/10	   631.5	   638.5	   626.5	   631.5	        1541694	
 2017/03/13	   632.0	   655.0	   612.0	   654.0	        2810376	
 2017/03/14	   654.0	   662.0	   647.0	   653.0	        1766068	
 2017/03/15	   653.0	   697.5	   651.0	   693.5	        2748282	
 2017/03/16	   692.0	   701.5	   675.5	   694.0	        1916708	
 2017/03/17	   690.0	   690.0	   667.0	   678.0	        1768792	
 2017/03/20	   675.5	   686.0	   667.0	   672.5	        1673082	
 2017/03/21	   672.0	   673.0	   633.5	   639.0	        1992544	
 2017/03/22	   636.5	   640.5	   602.0	   603.5	        2009390	
 2017/03/23	   608.5	   615.0	   603.0	   603.5	        1517464	
 2017/03/24	   598.0	   611.0	   591.5	   598.0	        2038096	
 2017/03/27	   596.5	   597.0	   558.5	   565.5	        2134430	
 2017/03/28	   566.0	   574.0	   554.0	   554.5	        2007190	
 2017/03/29	   563.0	   581.5	   561.0	   579.0	        2549892	
 2017/03/30	   576.5	   587.5	   563.0	   565.5	        2178152	
 2017/03/31	   579.0	   581.5	   547.5	   557.0	        1808968	
 2017/04/05	   561.0	   581.0	   558.0	   563.0	        1752712	
 2017/04/06	   565.0	   576.0	   559.0	   562.5	        2058118	
 2017/04/07	   556.5	   557.0	   519.5	   525.5	        2558756	
 2017/04/10	   525.5	   531.0	   516.5	   518.5	        1722048	
 2017/04/11	   515.0	   529.0	   512.0	   522.5	        1817926	
 2017/04/12	   518.5	   520.5	   501.0	   503.0	        2231844	
 2017/04/13	   499.5	   511.0	   492.5	   502.5	        2079084	
 2017/04/14	   504.5	   515.5	   499.5	   504.5	        2117544	
 2017/04/17	   508.5	   511.0	   486.0	   489.0	        2363826	
 2017/04/18	   488.0	   492.0	   460.5	   464.5	        2149810	
 2017/04/19	   465.5	   477.5	   463.0	   475.0	        1928638	
 2017/04/20	   478.5	   485.0	   456.5	   484.0	        2776926	
 2017/04/21	   487.5	   510.0	   481.5	   500.0	        3426482	
 2017/04/24	   500.0	   503.5	   482.5	   498.0	        2937108	
 2017/04/25	   498.5	   499.5	   485.0	   493.5	        2682298	
 2017/04/26	   495.5	   509.0	   488.5	   492.0	        2775762	
 2017/04/27	   493.5	   502.0	   488.0	   501.5	        2482368	
 2017/04/28	   502.5	   517.0	   497.0	   517.0	        2917210	
 2017/05/02	   523.5	   533.0	   522.0	   529.0	        1779864	
 2017/05/03	   526.0	   531.0	   517.5	   519.0	        1968518	
 2017/05/04	   514.0	   515.0	   480.5	   480.5	        2814956	
 2017/05/05	   474.0	   474.5	   453.5	   458.0	        2847768	
 2017/05/08	   465.5	   480.0	   455.0	   463.0	        3645718	
 2017/05/09	   459.0	   465.5	   455.0	   462.5	        2401338	
 2017/05/10	   462.5	   475.0	   461.0	   471.0	        3088886	
 2017/05/11	   473.0	   478.5	   442.5	   461.5	        4189616	
 2017/05/12	   458.5	   459.0	   445.0	   447.0	        3165788	
 2017/05/15	   450.0	   458.5	   439.0	   453.5	        2552324	
 2017/05/16	   454.0	   458.0	   448.0	   457.5	        2121126	
 2017/05/17	   459.0	   477.0	   455.5	   474.0	        3057326	
 2017/05/18	   472.5	   476.5	   463.0	   465.0	        2781026	
 2017/05/19	   451.5	   486.5	   451.0	   485.0	        4111278	
 2017/05/22	   486.0	   497.0	   483.0	   490.0	        3463126	
 2017/05/23	   492.0	   494.0	   474.5	   475.5	        2494330	
 2017/05/24	   476.0	   478.0	   449.0	   452.5	        3386396	
 2017/05/25	   453.0	   463.0	   444.0	   445.0	        3353240	
 2017/05/26	   445.5	   452.5	   442.5	   450.5	        2474604	
 2017/05/31	   450.0	   451.5	   421.0	   422.0	        2369280	
 2017/06/01	   424.0	   425.5	   413.5	   418.5	        2411434	
 2017/06/02	   421.0	   432.0	   416.5	   427.0	        2892492	
 2017/06/05	   424.0	   439.0	   424.0	   431.5	        3471488	
 2017/06/06	   428.5	   434.5	   421.0	   429.0	        2971464	
 2017/06/07	   427.5	   434.0	   424.0	   429.0	        2189210	
 2017/06/08	   428.5	   433.5	   419.5	   420.5	        3013318	
 2017/06/09	   419.0	   425.0	   417.0	   421.5	        2205214	
 2017/06/12	   422.0	   435.0	   420.0	   431.5	        2665234	
 2017/06/13	   430.5	   433.5	   416.5	   417.0	        2402090	
 2017/06/14	   415.5	   430.0	   411.5	   430.0	        2900976	
 2017/06/15	   427.5	   428.5	   416.0	   421.5	        2813606	
 2017/06/16	   423.0	   434.0	   420.5	   425.0	        3080048	
 2017/06/19	   426.0	   437.5	   424.5	   431.0	        2551624	
 2017/06/20	   431.5	   435.5	   427.0	   429.0	        2167958	
 2017/06/21	   426.0	   432.0	   418.5	   432.0	        2298664	
 2017/06/22	   434.5	   436.5	   424.0	   424.5	        2393132	
 2017/06/23	   425.0	   433.0	   424.5	   432.5	        1801310	
 2017/06/26	   430.5	   433.0	   426.0	   431.5	        1758040	
 2017/06/27	   434.0	   455.5	   430.0	   454.0	        3052094	
 2017/06/28	   454.0	   457.5	   451.0	   455.0	        2301844	
 2017/06/29	   461.0	   481.5	   456.0	   473.5	        3792274	
 2017/06/30	   470.5	   473.5	   462.0	   471.0	        2257200	
 2017/07/03	   469.0	   486.0	   467.5	   485.0	        2532696	
 2017/07/04	   485.5	   490.5	   459.5	   462.5	        3184626	
 2017/07/05	   466.5	   477.0	   463.5	   467.5	        2959920	
 2017/07/06	   464.5	   470.5	   455.0	   469.5	        2603400	
 2017/07/07	   468.5	   481.0	   463.0	   478.5	        2650180	
 2017/07/10	   478.5	   482.5	   472.0	   476.0	        2573356	
 2017/07/11	   477.5	   492.5	   474.0	   484.0	        2813956	
 2017/07/12	   484.0	   494.0	   478.5	   483.0	        2682206	
 2017/07/13	   483.5	   488.5	   475.0	   486.0	        2297270	
 2017/07/14	   485.0	   485.0	   467.5	   476.5	        2720898	
 2017/07/17	   479.0	   494.5	   477.5	   489.0	        2642428	
 2017/07/18	   494.5	   515.5	   493.5	   509.0	        3323544	
 2017/07/19	   509.5	   524.0	   509.0	   521.5	        2606886	
 2017/07/20	   521.0	   523.0	   504.5	   506.0	        2861654	
 2017/07/21	   508.0	   511.0	   497.0	   509.0	        2539192	
 2017/07/24	   510.5	   512.5	   492.0	   502.5	        2481770	
 2017/07/25	   505.5	   519.5	   502.0	   515.0	        3000754	
 2017/07/26	   518.0	   524.5	   506.0	   509.5	        3057546	
 2017/07/27	   510.0	   519.5	   506.5	   519.0	        2584194	
 2017/07/28	   520.0	   526.5	   514.0	   520.5	        2758988	
 2017/07/31	   522.5	   559.0	   521.5	   557.5	        4129096	
 2017/08/01	   557.5	   566.0	   552.5	   553.0	        2504570	
 2017/08/02	   551.0	   555.5	   541.5	   550.5	        2826990	
 2017/08/03	   547.0	   562.5	   542.0	   549.5	        3255956	
 2017/08/04	   550.5	   561.0	   545.5	   553.5	        2672148	
 2017/08/07	   553.5	   593.0	   547.5	   568.5	        4326208	
 2017/08/08	   569.5	   578.0	   548.5	   554.0	        3307842	
 2017/08/09	   555.0	   572.5	   552.5	   570.0	        3395028	
 2017/08/10	   567.0	   575.0	   557.0	   567.0	        3232018	
 2017/08/11	   562.5	   574.0	   530.5	   538.5	        3954982	
 2017/08/14	   540.5	   546.0	   526.5	   529.0	        2668478	
 2017/08/15	   528.5	   535.5	   520.5	   532.0	        2586504	
 2017/08/16	   532.5	   535.0	   521.0	   525.5	        2489304	
 2017/08/17	   527.5	   562.5	   526.0	   555.5	        4145046	
 2017/08/18	   552.0	   584.0	   548.0	   581.0	        3371206	
 2017/08/21	   572.5	   601.0	   561.5	   596.0	        4455862	
 2017/08/22	   598.5	   608.5	   594.0	   605.0	        2909692	
 2017/08/23	   601.0	   601.0	   565.5	   578.0	        3857364	
 2017/08/24	   578.5	   597.0	   568.5	   582.0	        3617962	
 2017/08/25	   581.0	   600.0	   576.5	   585.0	        3320566	
 2017/08/28	   583.0	   588.0	   555.5	   571.5	        3538330	
 2017/08/29	   573.0	   576.5	   550.0	   553.5	        3387378	
 2017/08/30	   555.5	   558.0	   542.5	   555.0	        2830852	
 2017/08/31	   553.5	   573.0	   545.5	   571.5	        3429510	
 2017/09/01	   570.0	   587.0	   567.5	   581.5	        3170592	
 2017/09/04	   582.5	   596.5	   563.5	   564.0	        3647326	
 2017/09/05	   565.5	   578.0	   561.5	   574.5	        2907746	
 2017/09/06	   575.0	   585.0	   548.0	   548.5	        3739590	
 2017/09/07	   551.0	   555.0	   539.0	   544.0	        3408308	
 2017/09/08	   544.5	   560.0	   529.5	   533.0	        3774036	
 2017/09/11	   534.5	   536.0	   517.5	   531.5	        3368874	
 2017/09/12	   534.0	   547.0	   526.5	   546.5	        3561562	
 2017/09/13	   545.5	   551.0	   527.0	   532.5	        3178918	
 2017/09/14	   530.5	   533.5	   506.0	   508.5	        3659480	
 2017/09/15	   508.5	   512.5	   502.0	   506.5	        2593222	
 2017/09/18	   505.5	   512.0	   491.5	   509.5	        3254724	
 2017/09/19	   509.0	   512.5	   496.0	   496.0	        2564760	
 2017/09/20	   491.5	   500.5	   485.0	   490.5	        2775124	
 2017/09/21	   492.0	   496.5	   468.5	   469.5	        3503410	
 2017/09/22	   469.0	   472.0	   461.0	   464.0	        2488790	
 2017/09/25	   469.5	   471.0	   455.0	   465.5	        2697878	
 2017/09/26	   466.5	   470.5	   460.0	   462.5	        2400534	
 2017/09/27	   463.0	   473.5	   458.5	   471.0	        3073482	
 2017/09/28	   474.0	   474.0	   442.5	   449.5	        3554180	
 2017/09/29	   449.5	   456.5	   444.5	   452.5	        2381042	
 2017/10/09	   459.0	   462.0	   436.0	   441.5	        1949586	
 2017/10/10	   441.5	   446.0	   433.5	   438.5	        2415562	
 2017/10/11	   437.5	   443.0	   434.5	   434.5	        2113576	
 2017/10/12	   433.5	   447.5	   424.5	   440.0	        3364732	
 2017/10/13	   438.5	   454.5	   436.5	   453.5	        3360346	
 2017/10/16	   453.0	   468.0	   450.0	   460.5	        3809606	
 2017/10/17	   461.0	   465.0	   443.5	   451.0	        3803538	
 2017/10/18	   451.0	   463.0	   450.0	   457.5	        3151004	
 2017/10/19	   455.5	   456.5	   438.0	   443.5	        3950520	
 2017/10/20	   443.0	   470.0	   441.0	   469.5	        3786002	
 2017/10/23	   469.0	   471.5	   450.0	   463.5	        4710656	
 2017/10/24	   462.5	   472.0	   458.5	   462.0	        3328054	
 2017/10/25	   462.0	   469.5	   453.5	   459.0	        3468664	
 2017/10/26	   457.5	   460.0	   454.0	   457.5	        2265962	
 2017/10/27	   456.0	   456.5	   432.0	   433.0	        3658226	
 2017/10/30	   433.0	   438.5	   427.5	   431.0	        2687776	
 2017/10/31	   431.5	   440.5	   428.5	   435.5	        2528522	
 2017/11/01	   435.0	   447.0	   433.5	   437.0	        2734270	
 2017/11/02	   436.5	   455.0	   433.5	   450.5	        3415122	
 2017/11/03	   449.5	   454.5	   445.0	   448.0	        2632212	
 2017/11/06	   450.0	   476.0	   448.5	   475.0	        3725648	
 2017/11/07	   474.0	   481.5	   468.5	   475.5	        3144888	
 2017/11/08	   472.5	   480.0	   468.5	   473.0	        2933644	
 2017/11/09	   474.0	   487.0	   463.0	   468.0	        4568290	
 2017/11/10	   467.5	   474.5	   460.5	   470.5	        3061356	
 2017/11/13	   471.5	   477.0	   464.0	   474.5	        3334866	
 2017/11/14	   474.5	   479.5	   470.0	   473.5	        2741098	
 2017/11/15	   475.0	   478.0	   452.5	   454.5	        3711412	
 2017/11/16	   457.0	   467.5	   454.5	   463.5	        2765256	
 2017/11/17	   465.5	   473.5	   463.5	   465.5	        3411098	
 2017/11/20	   467.0	   479.5	   461.5	   475.5	        3147126	
 2017/11/21	   476.0	   483.0	   473.0	   479.0	        2587902	
 2017/11/22	   480.5	   489.5	   478.0	   488.0	        3236642	
 2017/11/23	   493.5	   506.0	   493.0	   502.0	        3966856	
 2017/11/24	   499.0	   509.0	   496.5	   507.5	        2728346	
 2017/11/27	   507.5	   512.0	   500.5	   502.0	        2924314	
 2017/11/28	   501.5	   504.5	   493.5	   502.0	        2466492	
 2017/11/29	   501.5	   509.5	   495.5	   509.0	        2583238	
 2017/11/30	   508.0	   523.5	   504.0	   517.5	        3314396	
 2017/12/01	   518.5	   526.5	   516.0	   524.5	        2657874	
 2017/12/04	   525.0	   551.5	   525.0	   547.0	        3419036	
 2017/12/05	   546.0	   551.0	   536.5	   538.0	        2748900	
 2017/12/06	   539.0	   542.5	   519.5	   521.5	        3094792	
 2017/12/07	   521.5	   523.0	   490.5	   494.0	        3668932	
 2017/12/08	   494.0	   507.0	   489.5	   505.5	        3054370	
 2017/12/11	   505.5	   518.0	   494.0	   495.0	        3700854	
 2017/12/12	   497.0	   513.0	   494.5	   501.5	        3691616	
 2017/12/13	   500.0	   509.0	   490.5	   504.5	        3872278	
 2017/12/14	   506.5	   506.5	   493.5	   496.5	        3129696	
 2017/12/15	   496.5	   508.5	   492.0	   506.0	        2928038	
 2017/12/18	   507.0	   537.5	   505.5	   534.0	        4422730	
 2017/12/19	   532.0	   537.5	   524.0	   527.0	        3084668	
 2017/12/20	   525.5	   530.0	   521.5	   528.5	        2538328	
 2017/12/21	   528.5	   548.5	   525.0	   531.5	        4303738	
 2017/12/22	   534.0	   546.0	   528.0	   545.0	        3385840	
 2017/12/25	   545.5	   550.0	   522.5	   524.5	        3546460	
 2017/12/26	   523.5	   524.5	   511.5	   521.0	        3213226	
 2017/12/27	   520.0	   523.5	   513.5	   515.0	        2985412	
 2017/12/28	   514.5	   522.0	   513.0	   518.0	        2387580	
 2018/01/02	   530.0	   546.0	   530.0	   543.5	        2200198	
 2018/01/03	   543.5	   546.5	   535.0	   536.0	        2420944	
 2018/01/04	   537.0	   545.0	   533.5	   543.5	        2663544	
 2018/01/08	   537.5	   556.5	   534.5	   556.0	        3155452	
 2018/01/09	   558.0	   564.0	   555.0	   562.0	        2411746	
 2018/01/10	   562.5	   566.0	   554.0	   559.0	        2402002	
 2018/01/11	   560.5	   562.0	   551.5	   558.0	        2315280	
 2018/01/12	   557.0	   559.5	   541.0	   546.0	        2893022	
 2018/01/15	   543.5	   546.5	   534.0	   539.0	        2465926	
 2018/01/16	   540.0	   545.5	   530.0	   532.5	        2503194	
 2018/01/17	   531.0	   536.5	   528.0	   533.5	        2351174	
 2018/01/18	   533.5	   541.0	   532.5	   538.5	        2026402	
 2018/01/19	   541.5	   546.5	   533.0	   545.0	        2494072	
 2018/01/22	   546.5	   549.0	   540.5	   542.5	        2143164	
 2018/01/23	   541.5	   543.0	   519.5	   523.5	        3241464	
 2018/01/24	   522.0	   528.0	   521.5	   524.5	        1605980	
 2018/01/25	   526.5	   538.5	   521.0	   532.0	        2519152	
 2018/01/26	   531.5	   533.5	   518.0	   521.5	        2485574	
 2018/01/29	   521.5	   524.5	   514.0	   517.0	        1957894	
 2018/01/30	   518.0	   524.5	   516.5	   520.0	        1798824	
 2018/01/31	   521.5	   522.5	   507.5	   513.0	        2255002	
 2018/02/01	   512.5	   515.0	   506.5	   509.0	        1782262	
 2018/02/02	   511.0	   521.0	   510.5	   516.0	        2078390	
 2018/02/05	   516.5	   529.5	   516.0	   528.5	        2463582	
 2018/02/06	   529.5	   530.5	   518.0	   523.0	        2089550	
 2018/02/07	   522.5	   529.5	   520.5	   528.5	        1799468	
 2018/02/08	   527.5	   529.5	   523.0	   526.0	        1652404	
 2018/02/09	   526.5	   536.5	   520.5	   525.0	        2884670	
 2018/02/12	   524.0	   527.5	   520.0	   524.5	        1504522	
 2018/02/13	   525.0	   532.5	   523.0	   530.5	        1290822	
 2018/02/14	   531.5	   542.5	   530.5	   542.0	        1392230	
 2018/02/22	   541.0	   546.0	   534.5	   540.5	        1157070	
 2018/02/23	   539.5	   551.0	   539.0	   550.5	        1741022	
 2018/02/26	   550.0	   558.5	   547.0	   551.0	        1652806	
 2018/02/27	   550.0	   554.0	   542.5	   548.5	        1721266	
 2018/02/28	   547.5	   548.5	   543.5	   545.5	        1429694	
 2018/03/01	   545.0	   550.0	   543.5	   547.0	        1698720	
 2018/03/02	   545.0	   548.0	   537.0	   541.0	        1948156	
 2018/03/05	   540.5	   541.5	   521.5	   522.0	        2345412	
 2018/03/06	   521.5	   527.0	   518.5	   523.0	        1805908	
 2018/03/07	   525.0	   527.0	   518.0	   519.5	        1976580	
 2018/03/08	   515.5	   517.5	   503.0	   503.0	        2234190	
 2018/03/09	   502.5	   504.5	   482.5	   486.0	        3221354	
 2018/03/12	   489.0	   492.0	   478.0	   481.0	        2747936	
 2018/03/13	   480.0	   486.0	   479.0	   481.0	        1981392	
 2018/03/14	   483.0	   495.5	   481.0	   492.0	        2857444	
 2018/03/15	   491.5	   496.5	   489.0	   492.0	        2233202	
 2018/03/16	   490.0	   491.0	   483.5	   485.5	        2318238	
 2018/03/19	   478.0	   482.5	   464.5	   465.5	        3281546	
 2018/03/20	   466.5	   468.5	   456.5	   462.0	        2613844	
 2018/03/21	   463.5	   470.5	   459.0	   464.0	        2975222	
 2018/03/22	   465.0	   473.5	   462.5	   467.5	        3407832	
 2018/03/23	   465.5	   468.5	   431.0	   439.5	        5021714	
 2018/03/26	   440.5	   445.0	   437.0	   441.5	        2815450	
 2018/03/27	   440.5	   449.5	   440.0	   445.5	        2612418	
 2018/03/28	   445.5	   448.0	   431.5	   442.5	        3533888	
 2018/03/29	   442.0	   447.0	   434.5	   446.5	        2832994	
 2018/03/30	   445.5	   451.5	   439.5	   450.0	        3315740	
 2018/04/02	   450.5	   468.0	   448.0	   452.5	        4164478	
 2018/04/03	   454.0	   460.0	   445.0	   449.5	        3572902	
 2018/04/04	   449.5	   450.5	   432.5	   436.0	        3832360	
 2018/04/09	   440.5	   443.0	   431.0	   441.5	        2670442	
 2018/04/10	   443.0	   452.5	   442.5	   448.5	        3530368	
 2018/04/11	   451.5	   457.5	   443.5	   444.5	        3450074	
 2018/04/12	   445.5	   452.5	   439.5	   446.5	        4010250	
 2018/04/13	   443.5	   453.5	   441.0	   450.5	        3465072	
 2018/04/16	   451.5	   454.0	   433.5	   436.0	        4120392	
 2018/04/17	   435.0	   442.5	   432.5	   437.0	        3802252	
 2018/04/18	   440.0	   448.5	   438.5	   447.0	        4368634	
 2018/04/19	   453.5	   473.5	   453.5	   472.5	        5134382	
 2018/04/20	   472.0	   474.0	   457.5	   459.5	        4124518	
 2018/04/23	   460.5	   481.0	   458.5	   475.5	        4597214	
 2018/04/24	   471.0	   477.0	   468.0	   468.5	        2962090	
 2018/04/25	   468.0	   475.5	   464.5	   466.5	        3336400	
 2018/04/26	   467.0	   471.5	   462.0	   464.5	        2446200	
 2018/04/27	   464.5	   470.0	   454.0	   459.5	        3160134	
 2018/05/02	   462.5	   474.5	   460.5	   473.0	        2480870	
 2018/05/03	   474.5	   480.5	   470.5	   473.0	        2766828	
 2018/05/04	   471.5	   473.0	   462.5	   470.5	        3089748	
 2018/05/07	   469.0	   474.5	   459.0	   469.5	        3486734	
 2018/05/08	   469.0	   476.5	   467.0	   475.0	        3029088	
 2018/05/09	   471.5	   474.5	   467.0	   469.0	        2922464	
 2018/05/10	   468.5	   473.5	   464.0	   469.0	        2662092	
 2018/05/11	   472.0	   485.0	   468.0	   481.0	        3672604	
 2018/05/14	   482.5	   488.0	   479.5	   486.5	        2999926	
 2018/05/15	   486.0	   492.0	   478.0	   483.5	        3542740	
 2018/05/16	   482.0	   488.5	   477.0	   480.5	        3148006	
 2018/05/17	   480.0	   482.5	   475.5	   481.0	        2070854	
 2018/05/18	   481.0	   484.0	   473.0	   475.5	        2761788	
 2018/05/21	   473.5	   474.5	   460.0	   462.5	        2988830	
 2018/05/22	   463.0	   465.5	   451.0	   454.0	        2304358	
 2018/05/23	   455.5	   456.5	   447.5	   454.5	        2512706	
 2018/05/24	   455.0	   459.0	   452.5	   457.5	        1741824	
 2018/05/25	   458.5	   462.0	   448.5	   452.5	        2343270	
 2018/05/28	   450.5	   459.0	   447.0	   452.0	        2281344	
 2018/05/29	   453.0	   466.0	   449.5	   462.5	        2663024	
 2018/05/30	   463.0	   467.0	   452.5	   454.0	        2570594	
 2018/05/31	   454.5	   464.5	   454.0	   460.5	        2041198	
 2018/06/01	   462.0	   469.5	   456.0	   458.5	        2697678	
 2018/06/04	   458.5	   461.5	   454.0	   455.5	        2152332	
 2018/06/05	   455.0	   466.0	   454.5	   465.5	        2311894	
 2018/06/06	   467.5	   474.0	   464.5	   469.0	        2528928	
 2018/06/07	   469.5	   476.5	   466.5	   467.5	        2468094	
 2018/06/08	   468.0	   469.0	   461.5	   465.5	        2119878	
 2018/06/11	   465.0	   471.5	   463.5	   468.5	        1574516	
 2018/06/12	   469.5	   473.0	   463.0	   472.0	        2177498	
 2018/06/13	   471.0	   472.0	   464.5	   470.0	        2043506	
 2018/06/14	   470.5	   474.0	   468.5	   472.0	        1723098	
 2018/06/15	   472.5	   476.0	   466.5	   472.5	        1729352	
 2018/06/19	   470.5	   470.5	   443.0	   450.0	        2616606	
 2018/06/20	   449.0	   456.0	   448.5	   453.5	        1484300	
 2018/06/21	   453.5	   461.0	   452.5	   454.0	        1741888	
 2018/06/22	   453.5	   459.0	   452.0	   458.0	        1558506	
 2018/06/25	   458.5	   469.5	   458.5	   463.5	        2356870	
 2018/06/26	   462.5	   466.5	   458.5	   462.5	        2022098	
 2018/06/27	   462.0	   467.5	   461.0	   461.5	        1469686	
 2018/06/28	   463.0	   470.0	   462.5	   467.5	        1621042	
 2018/06/29	   468.5	   475.5	   467.5	   474.0	        1975010	
 2018/07/02	   472.5	   473.0	   460.0	   463.5	        2012646	
 2018/07/03	   463.5	   467.5	   462.5	   464.0	        1304662	
 2018/07/04	   465.0	   467.5	   460.5	   462.5	        1345256	
 2018/07/05	   461.5	   461.5	   453.0	   457.0	        2329148	
 2018/07/06	   458.0	   462.0	   455.5	   459.5	        1589846	
 2018/07/09	   459.5	   463.5	   453.0	   462.5	        1639878	
 2018/07/10	   463.0	   464.0	   458.5	   459.5	        1346216	
 2018/07/11	   459.0	   465.0	   451.0	   463.0	        1964992	
 2018/07/12	   463.0	   467.5	   461.0	   466.0	        1690712	
 2018/07/13	   466.0	   466.5	   461.0	   463.0	         986006	
 2018/07/16	   461.5	   467.5	   461.0	   465.5	         974354	
 2018/07/17	   465.5	   466.0	   462.0	   464.5	         996582	
 2018/07/18	   465.0	   468.0	   463.0	   464.5	        1028992	
 2018/07/19	   465.0	   472.5	   465.0	   466.5	        1445506	
 2018/07/20	   467.0	   472.0	   467.0	   471.5	         758110	
 2018/07/23	   474.0	   476.0	   470.0	   475.0	        1225640	
 2018/07/24	   476.0	   477.5	   473.5	   475.5	        1077976	
 2018/07/25	   476.0	   479.5	   475.0	   477.0	        1026136	
 2018/07/26	   477.5	   478.0	   474.0	   476.0	         965934	
 2018/07/27	   476.5	   493.0	   475.5	   492.0	        2057734	
 2018/07/30	   493.0	   493.5	   484.0	   488.5	        1910112	
 2018/07/31	   488.0	   490.5	   486.0	   488.5	        1235518	
 2018/08/01	   488.5	   491.0	   474.0	   476.5	        1688164	
 2018/08/02	   476.0	   478.0	   471.0	   477.0	        1245380	
 2018/08/03	   478.5	   488.5	   478.0	   485.5	        1395374	
 2018/08/06	   486.0	   514.5	   484.5	   504.5	        2749798	
 2018/08/07	   507.5	   514.0	   503.0	   511.0	        2078346	
 2018/08/08	   511.5	   514.0	   503.5	   507.0	        1687584	
 2018/08/09	   506.0	   513.5	   504.5	   513.0	        1206094	
 2018/08/10	   515.5	   515.5	   506.0	   506.5	        1305318	
 2018/08/13	   507.5	   517.5	   506.0	   517.0	        1454964	
 2018/08/14	   517.0	   517.5	   502.5	   507.5	        1523680	
 2018/08/15	   508.0	   509.0	   500.0	   504.0	        1429546	
 2018/08/16	   504.0	   512.0	   485.0	   495.0	        2166682	
 2018/08/17	   496.0	   507.5	   491.0	   506.0	        1770532	
 2018/08/20	   508.0	   514.5	   498.5	   507.0	        1932038	
 2018/08/21	   508.0	   508.0	   490.5	   494.5	        1874768	
 2018/08/22	   493.5	   499.5	   485.5	   485.5	        1285590	
 2018/08/23	   486.0	   494.0	   485.5	   487.5	        1208918	
 2018/08/24	   489.0	   493.5	   486.0	   490.5	         797522	
 2018/08/27	   491.5	   495.0	   477.0	   479.5	        1218282	
 2018/08/28	   480.0	   485.5	   479.5	   482.5	         633944	
 2018/08/29	   485.0	   488.0	   479.0	   481.0	         792726	
 2018/08/30	   481.0	   487.0	   477.0	   485.0	        1328548	
 2018/08/31	   486.0	   491.5	   485.0	   485.5	        1267056	
 2018/09/03	   484.5	   487.5	   479.0	   484.5	        1154064	
 2018/09/04	   485.0	   488.5	   482.0	   488.5	         874186	
 2018/09/05	   489.0	   490.0	   484.0	   487.0	        1025066	
 2018/09/06	   487.5	   502.5	   487.0	   502.5	        1792398	
 2018/09/07	   502.5	   505.5	   493.5	   498.0	        1816012	
 2018/09/10	   498.0	   504.0	   494.5	   497.5	        1295914	
 2018/09/11	   497.5	   501.0	   492.0	   492.5	        1383970	
 2018/09/12	   493.0	   495.0	   484.0	   492.5	        1340396	
 2018/09/13	   494.0	   505.0	   494.0	   503.5	        1515974	
 2018/09/14	   502.5	   506.5	   499.0	   501.5	        1236004	
 2018/09/17	   501.5	   507.0	   497.5	   500.0	        1526340	
 2018/09/18	   499.5	   508.0	   498.5	   506.5	        1027534	
 2018/09/19	   509.5	   513.0	   504.0	   504.5	        1006028	
 2018/09/20	   506.0	   507.5	   499.5	   502.0	         718374	
 2018/09/21	   502.0	   504.5	   500.0	   501.5	         632652	
 2018/09/25	   502.0	   502.5	   494.5	   497.0	         616542	
 2018/09/26	   498.5	   505.5	   497.5	   500.5	         882230	
 2018/09/27	   502.0	   506.0	   496.0	   497.5	         804546	
 2018/09/28	   497.0	   498.5	   487.0	   496.0	        1353242	
 2018/10/08	   494.0	   500.0	   491.0	   498.5	         766352	
 2018/10/09	   499.5	   512.0	   498.5	   509.0	        1314030	
 2018/10/10	   511.0	   518.0	   510.5	   514.5	        1079150	
 2018/10/11	   514.5	   518.5	   506.0	   511.5	        1108370	
 2018/10/12	   513.0	   517.5	   508.0	   515.0	         847500	
 2018/10/15	   518.0	   518.0	   509.0	   509.0	         845794	
 2018/10/16	   511.5	   514.5	   506.5	   507.5	         932884	
 2018/10/17	   508.0	   522.0	   504.5	   522.0	        1071858	
 2018/10/18	   524.5	   530.0	   512.5	   516.0	        1955400	
 2018/10/19	   514.5	   518.0	   510.0	   513.0	        1136594	
 2018/10/22	   515.0	   525.0	   514.0	   523.0	        1146290	
 2018/10/23	   523.5	   525.0	   516.0	   517.5	         907754	
 2018/10/24	   516.5	   535.0	   516.5	   534.0	        1188202	
 2018/10/25	   534.5	   535.0	   524.5	   532.0	        1249814	
 2018/10/26	   531.5	   539.0	   529.0	   536.5	        1141868	
 2018/10/29	   536.5	   545.0	   534.5	   535.5	        1758658	
 2018/10/30	   537.0	   540.0	   531.5	   536.5	         891814	
 2018/10/31	   536.0	   536.5	   526.5	   530.5	        1181580	
 2018/11/01	   530.5	   532.0	   515.0	   516.0	        1380026	
 2018/11/02	   515.0	   518.0	   498.0	   505.0	        1691418	
 2018/11/05	   504.5	   511.5	   502.0	   511.5	        1062852	
 2018/11/06	   512.5	   514.5	   504.0	   505.0	        1347674	
 2018/11/07	   504.5	   507.5	   499.5	   505.5	        1127146	
 2018/11/08	   508.0	   512.5	   501.0	   511.5	        1692910	
 2018/11/09	   512.5	   518.0	   509.5	   512.5	        1728610	
 2018/11/12	   510.5	   514.5	   506.0	   510.0	         824982	
